id	alg	expd	gend	touched	time	cost	sfile
0	astar	26	49	220	61.491	28.5562	den005d.map.scen
1	astar	33	70	298	13.501	21.142	den005d.map.scen
2	astar	0	0	1	0.107	0	den005d.map.scen
3	astar	7	22	61	2.891	11.071	den005d.map.scen
4	astar	17	41	148	5.53	21.3136	den005d.map.scen
5	astar	16	35	135	5.206	17.2426	den005d.map.scen
6	astar	0	0	1	0.084	0	den005d.map.scen
7	astar	1	8	10	0.529	5	den005d.map.scen
8	astar	1	5	7	0.46	1	den005d.map.scen
9	astar	2	7	13	0.769	17	den005d.map.scen
10	astar	16	33	122	4.907	29	den005d.map.scen
11	astar	37	59	310	10.155	28.0414	den005d.map.scen
12	astar	120	182	1053	40.342	54.4556	den005d.map.scen
13	astar	76	125	669	24.463	36.7988	den005d.map.scen
14	astar	178	259	1597	63.948	57.355	den005d.map.scen
15	astar	127	178	1086	43.333	57.2544	den005d.map.scen
16	astar	52	92	461	20.959	41.8698	den005d.map.scen
17	astar	53	78	442	18.853	48.7988	den005d.map.scen
18	astar	69	107	580	23.245	42.284	den005d.map.scen
19	astar	31	58	273	13.227	29.071	den005d.map.scen
20	astar	229	304	1990	68.51	74.6982	den005d.map.scen
21	astar	127	178	1094	83.426	59.4556	den005d.map.scen
22	astar	160	236	1432	68.12	55.5266	den005d.map.scen
23	astar	122	165	1044	49.864	56.213	den005d.map.scen
24	astar	262	357	2332	90.277	74.9408	den005d.map.scen
25	astar	196	253	1673	65.412	86.6982	den005d.map.scen
26	astar	108	161	963	38.922	48.355	den005d.map.scen
27	astar	104	163	927	43.605	48.355	den005d.map.scen
28	astar	55	95	457	22.344	42.3846	den005d.map.scen
29	astar	72	95	583	26.057	75.4556	den005d.map.scen
30	astar	445	533	3869	150.148	110.982	den005d.map.scen
31	astar	208	271	1787	63.244	77.0118	den005d.map.scen
32	astar	297	382	2530	99.354	93.213	den005d.map.scen
33	astar	193	228	1603	61.768	81.3964	den005d.map.scen
34	astar	104	131	828	38.37	74.6982	den005d.map.scen
35	astar	188	217	1524	65.323	102.568	den005d.map.scen
36	astar	348	418	3000	135.559	93.0118	den005d.map.scen
37	astar	118	186	1063	59.088	53.7988	den005d.map.scen
38	astar	291	401	2605	115.204	76.7396	den005d.map.scen
39	astar	347	436	3057	130.461	88.3846	den005d.map.scen
40	astar	142	160	1128	47.452	141.68	den005d.map.scen
41	astar	127	161	1006	42.02	89.0414	den005d.map.scen
42	astar	275	341	2338	94.72	94.9112	den005d.map.scen
43	astar	355	409	2894	119.522	167.124	den005d.map.scen
44	astar	254	319	2169	95.245	104.639	den005d.map.scen
45	astar	281	347	2323	102.452	98.6686	den005d.map.scen
46	astar	377	455	3163	131.562	131.124	den005d.map.scen
47	astar	256	338	2224	91.193	77.7988	den005d.map.scen
48	astar	455	530	3907	169.765	97.9408	den005d.map.scen
49	astar	502	576	4307	174.142	114.367	den005d.map.scen
50	astar	249	297	2091	83.51	132.367	den005d.map.scen
51	astar	606	713	5223	224.334	131.396	den005d.map.scen
52	astar	400	459	3362	125.957	129.083	den005d.map.scen
53	astar	626	700	5275	192.736	137.325	den005d.map.scen
54	astar	591	657	5033	194.783	126.367	den005d.map.scen
55	astar	296	349	2463	101.055	127.024	den005d.map.scen
56	astar	420	477	3437	141.237	176.053	den005d.map.scen
57	astar	296	351	2399	154.319	136.769	den005d.map.scen
58	astar	170	207	1337	55.206	158.811	den005d.map.scen
59	astar	222	266	1764	75.14	132.024	den005d.map.scen
60	astar	784	867	6622	246.255	158.266	den005d.map.scen
61	astar	436	501	3642	159.08	141.396	den005d.map.scen
62	astar	334	360	2667	108.624	139.296	den005d.map.scen
63	astar	887	1022	7531	269.45	222.237	den005d.map.scen
64	astar	664	740	5637	214.001	125.669	den005d.map.scen
65	astar	418	502	3518	154.863	147.811	den005d.map.scen
66	astar	389	437	3164	145.352	180.467	den005d.map.scen
67	astar	387	429	3153	132.37	166.065	den005d.map.scen
68	astar	317	371	2586	81.535	139.74	den005d.map.scen
69	astar	505	578	4258	141.115	146.953	den005d.map.scen
70	astar	895	957	7563	227.32	189.379	den005d.map.scen
71	astar	995	1093	8325	270.269	199.893	den005d.map.scen
72	astar	933	1008	7868	360.95	198.006	den005d.map.scen
73	astar	804	913	6703	270.403	204.479	den005d.map.scen
74	astar	402	442	3280	124.744	171.095	den005d.map.scen
75	astar	601	678	4904	159.85	206.751	den005d.map.scen
76	astar	346	368	2758	86.354	186.55	den005d.map.scen
77	astar	917	966	7745	237.401	191.71	den005d.map.scen
78	astar	996	1035	8352	320.712	195.509	den005d.map.scen
79	astar	760	867	6392	206.072	169.71	den005d.map.scen
80	astar	914	936	7504	294.731	202.296	den005d.map.scen
81	astar	972	1042	8212	262.13	187.994	den005d.map.scen
82	astar	1084	1165	9120	272.356	217.893	den005d.map.scen
83	astar	826	980	7090	296.421	185.438	den005d.map.scen
84	astar	861	999	7312	238.125	180.438	den005d.map.scen
85	astar	921	990	7674	227.727	191.893	den005d.map.scen
86	astar	899	1005	7482	221.188	206.124	den005d.map.scen
87	astar	786	809	6314	213.843	211.55	den005d.map.scen
88	astar	596	658	4827	146.948	198.195	den005d.map.scen
89	astar	780	844	6274	216.804	222.781	den005d.map.scen
90	astar	961	977	8019	256.722	216.095	den005d.map.scen
91	astar	824	900	6926	218.683	164.438	den005d.map.scen
92	astar	1171	1248	9696	321.728	217.923	den005d.map.scen
93	astar	1039	1140	8728	272.141	190.337	den005d.map.scen
94	astar	900	975	7499	243.039	177.296	den005d.map.scen
95	astar	1150	1247	9549	296.092	242.065	den005d.map.scen
96	astar	1029	1116	8606	266.848	218.692	den005d.map.scen
97	astar	825	926	6724	214.357	234.047	den005d.map.scen
98	astar	668	732	5428	173.043	210.225	den005d.map.scen
99	astar	722	793	5864	171.687	251.521	den005d.map.scen
100	astar	1181	1225	9778	327.631	228.124	den005d.map.scen
101	astar	772	828	6443	219.721	201.751	den005d.map.scen
102	astar	979	1022	8068	262.708	221.479	den005d.map.scen
103	astar	1161	1279	9677	311.497	242.964	den005d.map.scen
104	astar	986	1089	8292	267.524	192.095	den005d.map.scen
105	astar	1285	1377	10612	331.355	267.379	den005d.map.scen
106	astar	1131	1228	9237	308.009	268.793	den005d.map.scen
107	astar	854	925	6899	218.863	273.781	den005d.map.scen
108	astar	848	919	6789	210.26	245.562	den005d.map.scen
109	astar	1169	1239	9844	310.412	218.751	den005d.map.scen
110	astar	1227	1270	10170	307.503	267.278	den005d.map.scen
111	astar	1180	1216	9730	308.482	300.621	den005d.map.scen
112	astar	2278	2465	19050	614.587	308.491	den005d.map.scen
113	astar	1245	1317	10249	334.749	244.852	den005d.map.scen
114	astar	1224	1286	10047	322.572	240.621	den005d.map.scen
115	astar	1356	1459	11150	338.366	269.722	den005d.map.scen
116	astar	807	896	6542	228.92	270.136	den005d.map.scen
117	astar	1383	1528	11222	456.902	306.834	den005d.map.scen
118	astar	1310	1415	10643	341.473	287.106	den005d.map.scen
119	astar	912	970	7344	238.835	270.106	den005d.map.scen
120	astar	1175	1222	9721	293.765	306.148	den005d.map.scen
121	astar	1191	1236	9840	302.531	267.834	den005d.map.scen
122	astar	1281	1334	10625	340.438	244.621	den005d.map.scen
123	astar	841	874	6668	197.064	368.887	den005d.map.scen
124	astar	1719	1826	14351	441.284	279.077	den005d.map.scen
125	astar	1882	2031	15823	521.774	295.29	den005d.map.scen
126	astar	1742	1888	14385	494.745	285.834	den005d.map.scen
127	astar	1845	2046	15222	561.802	316.349	den005d.map.scen
128	astar	953	983	7685	340.545	291.408	den005d.map.scen
129	astar	1437	1552	11663	486.288	308.319	den005d.map.scen
130	astar	1214	1278	10182	332.245	289.337	den005d.map.scen
131	astar	2100	2197	17457	530.921	324.177	den005d.map.scen
132	astar	2094	2205	17449	540.265	331.562	den005d.map.scen
133	astar	2364	2570	19567	679.081	320.805	den005d.map.scen
134	astar	2382	2580	19738	650.762	335.29	den005d.map.scen
135	astar	1781	1887	14609	467.929	281.692	den005d.map.scen
136	astar	2175	2404	18095	556.442	322.917	den005d.map.scen
137	astar	2315	2466	19056	607.418	368.148	den005d.map.scen
138	astar	1120	1155	9358	386.765	332.26	den005d.map.scen
139	astar	1105	1148	9242	340.171	325.177	den005d.map.scen
140	astar	1291	1353	10704	337.516	322.349	den005d.map.scen
141	astar	1364	1408	11312	343.189	329.674	den005d.map.scen
142	astar	1839	1875	15356	471.7	376.402	den005d.map.scen
143	astar	2047	2135	17071	915.882	330.361	den005d.map.scen
144	astar	2466	2579	20427	628.437	364.532	den005d.map.scen
145	astar	1489	1611	12413	382.267	268.521	den005d.map.scen
146	astar	2449	2649	20405	635.612	325.923	den005d.map.scen
147	astar	2969	3053	24553	779.63	380.917	den005d.map.scen
148	astar	2501	2698	20699	631.976	358.704	den005d.map.scen
149	astar	2048	2220	16914	533.108	337.461	den005d.map.scen
150	astar	2923	3062	24143	785.714	400.503	den005d.map.scen
151	astar	2493	2576	20852	651.789	342.544	den005d.map.scen
152	astar	2569	2761	21412	667.228	342.219	den005d.map.scen
153	astar	2148	2338	17679	551.381	336.947	den005d.map.scen
154	astar	2878	3084	23786	829.922	375.544	den005d.map.scen
155	astar	2012	2213	16727	545.819	328.148	den005d.map.scen
156	astar	939	979	7566	296.838	344.988	den005d.map.scen
157	astar	1685	1780	13525	533.62	389.805	den005d.map.scen
158	astar	2089	2277	17481	537.704	314.278	den005d.map.scen
159	astar	2715	2952	22651	731.665	355.876	den005d.map.scen
160	astar	1467	1513	12165	377.028	379.988	den005d.map.scen
161	astar	1708	1771	14154	508.993	354.704	den005d.map.scen
162	astar	1694	1765	14064	435.392	374.704	den005d.map.scen
163	astar	1804	1858	15062	445.963	445.148	den005d.map.scen
164	astar	1981	2064	16543	483.68	368.887	den005d.map.scen
165	astar	2858	2972	23788	716.251	370.473	den005d.map.scen
166	astar	3231	3440	26807	858.526	397.757	den005d.map.scen
167	astar	3030	3251	25221	838.578	373.846	den005d.map.scen
168	astar	2412	2570	19790	646.116	405.213	den005d.map.scen
169	astar	2197	2276	17635	592.65	405.503	den005d.map.scen
170	astar	2585	2725	21409	800.73	420.686	den005d.map.scen
171	astar	3555	3732	29507	1095.35	425.887	den005d.map.scen
172	astar	2818	3026	23419	1138.4	384.532	den005d.map.scen
173	astar	2213	2352	18231	709.49	413.455	den005d.map.scen
174	astar	2079	2191	16841	709.711	465.757	den005d.map.scen
175	astar	1416	1513	11396	440.73	413.503	den005d.map.scen
176	astar	2041	2110	16942	542.515	435.674	den005d.map.scen
177	astar	2736	2888	22666	765.875	401.615	den005d.map.scen
178	astar	3260	3389	26967	930.156	393.029	den005d.map.scen
179	astar	3018	3143	25112	817.18	359.674	den005d.map.scen
180	astar	2095	2184	17382	549.582	424.627	den005d.map.scen
181	astar	1812	1899	15040	477.557	387.846	den005d.map.scen
182	astar	2012	2092	16678	527.317	459.373	den005d.map.scen
183	astar	1980	2056	16424	515.335	426.757	den005d.map.scen
184	astar	1757	1832	14601	492.352	374.485	den005d.map.scen
185	astar	2082	2175	17228	712.587	420.716	den005d.map.scen
186	astar	1343	1386	10737	569.08	447.615	den005d.map.scen
187	astar	1637	1723	13788	708.819	399.331	den005d.map.scen
188	astar	1816	1855	15158	671.315	436.674	den005d.map.scen
189	astar	4252	4431	35457	1817.3	431.444	den005d.map.scen
190	astar	2304	2388	19145	1179.65	469.828	den005d.map.scen
191	astar	2220	2299	18466	1320.1	418.272	den005d.map.scen
192	astar	2422	2515	20091	951.999	499.402	den005d.map.scen
193	astar	1735	1806	14397	754.497	461.887	den005d.map.scen
194	astar	2075	2139	17217	894.38	454.858	den005d.map.scen
195	astar	2219	2301	18546	956.158	459.455	den005d.map.scen
196	astar	2475	2557	20682	1186.01	457.615	den005d.map.scen
197	astar	4027	4187	33321	2514.4	442.284	den005d.map.scen
198	astar	3880	4107	32473	1742.58	427.645	den005d.map.scen
199	astar	2685	2894	22286	1321.47	354.361	den005d.map.scen
200	astar	2022	2118	16769	1155.53	486.929	den005d.map.scen
201	astar	2069	2148	17129	642.598	484.112	den005d.map.scen
202	astar	2451	2546	20476	677.392	443.012	den005d.map.scen
203	astar	4280	4447	35470	1847.58	510.633	den005d.map.scen
204	astar	3541	3740	29485	978.809	454.343	den005d.map.scen
205	astar	3996	4126	32979	1058.36	486.686	den005d.map.scen
206	astar	4478	4674	37344	1191.12	453.544	den005d.map.scen
207	astar	1784	1864	14643	617.427	492.586	den005d.map.scen
208	astar	3341	3460	27024	1249.58	485.71	den005d.map.scen
209	astar	2676	2765	21451	1250.14	458.929	den005d.map.scen
210	astar	2782	2884	23239	863.744	487.657	den005d.map.scen
211	astar	4512	4685	37592	1498.05	465.941	den005d.map.scen
212	astar	4013	4132	33130	2119.58	453.284	den005d.map.scen
213	astar	4562	4708	37915	1625.56	511.58	den005d.map.scen
214	astar	3300	3451	27266	1081.42	459.373	den005d.map.scen
215	astar	2794	2904	22562	1009.58	489.716	den005d.map.scen
216	astar	2471	2556	19997	745.401	510	den005d.map.scen
217	astar	1845	1943	14866	583.352	523.799	den005d.map.scen
218	astar	2019	2065	16772	650.223	480.13	den005d.map.scen
219	astar	2299	2411	19209	658.73	505.331	den005d.map.scen
220	astar	2058	2132	17155	569.993	502.858	den005d.map.scen
221	astar	2323	2434	19234	860.615	485.556	den005d.map.scen
222	astar	2566	2686	21235	948.379	511.627	den005d.map.scen
223	astar	3715	3932	30912	1414.33	575.609	den005d.map.scen
224	astar	4363	4512	36081	1252.08	465.799	den005d.map.scen
225	astar	4909	5041	40774	1470.66	542.242	den005d.map.scen
226	astar	3297	3441	27329	1083.84	555.698	den005d.map.scen
227	astar	2509	2634	20707	872.62	538.858	den005d.map.scen
228	astar	1665	1755	13665	490.077	521.343	den005d.map.scen
229	astar	3357	3450	27180	1390.37	502.355	den005d.map.scen
230	astar	2133	2228	17813	609.404	472.97	den005d.map.scen
231	astar	2975	3083	24737	1012.17	553.041	den005d.map.scen
232	astar	3762	3821	30998	1123.34	540.769	den005d.map.scen
233	astar	3697	3786	29983	921.919	568.597	den005d.map.scen
234	astar	3312	3422	26762	809.288	597.639	den005d.map.scen
235	astar	2605	2692	21159	643.602	521.958	den005d.map.scen
236	astar	2322	2434	18720	587.261	583.964	den005d.map.scen
237	astar	2287	2399	19129	553.831	538.87	den005d.map.scen
238	astar	2813	2942	23308	693.096	536.284	den005d.map.scen
239	astar	3404	3522	28166	851.399	565.858	den005d.map.scen
240	astar	2529	2609	20885	736.131	592.497	den005d.map.scen
241	astar	2438	2508	20163	653.827	554.698	den005d.map.scen
242	astar	2814	2897	22671	708.84	643.136	den005d.map.scen
243	astar	2246	2331	18122	635.23	582.645	den005d.map.scen
244	astar	2469	2552	20038	1008.87	584.893	den005d.map.scen
245	astar	2382	2499	19712	784.492	579.668	den005d.map.scen
246	astar	3269	3452	27077	994.288	578.769	den005d.map.scen
247	astar	3025	3185	25064	1130.02	563.414	den005d.map.scen
248	astar	4580	4743	37881	1586.52	555.911	den005d.map.scen
249	astar	5067	5194	41935	1752.47	561.112	den005d.map.scen
250	astar	2891	2952	23784	1120.44	632.899	den005d.map.scen
251	astar	3039	3105	24979	1174.8	592.852	den005d.map.scen
252	astar	2697	2746	21738	928.879	648.87	den005d.map.scen
253	astar	2994	3150	24728	1277.76	574.373	den005d.map.scen
254	astar	3335	3462	27604	898.583	624.023	den005d.map.scen
255	astar	3921	4078	32490	1018.21	630.183	den005d.map.scen
256	astar	3585	3732	29641	951.488	618.651	den005d.map.scen
257	astar	4074	4233	33784	1572.13	594.97	den005d.map.scen
258	astar	4818	4947	39822	1972.23	589.799	den005d.map.scen
259	astar	5272	5329	43497	1851.72	601.154	den005d.map.scen
260	astar	2783	2857	22934	1293.48	619.355	den005d.map.scen
261	astar	3107	3156	25495	1011	673.864	den005d.map.scen
262	astar	2923	3057	24178	993.53	601.083	den005d.map.scen
263	astar	4007	4228	33376	1319.98	606.526	den005d.map.scen
264	astar	3412	3518	28125	857.625	591.591	den005d.map.scen
265	astar	4438	4574	36659	1120.34	586.337	den005d.map.scen
266	astar	4446	4595	36686	1104.75	568.284	den005d.map.scen
267	astar	5106	5224	42228	1250	611.041	den005d.map.scen
268	astar	5769	5851	47626	2067.11	609.799	den005d.map.scen
269	astar	3125	3341	25829	1242.43	619.396	den005d.map.scen
270	astar	3374	3446	27635	1139.77	639.378	den005d.map.scen
271	astar	2726	2790	22474	1076.12	621.094	den005d.map.scen
272	astar	2885	2929	23727	830.569	574.597	den005d.map.scen
273	astar	3225	3287	26432	1144.66	621.722	den005d.map.scen
274	astar	2790	2948	23121	769.838	627.911	den005d.map.scen
275	astar	3181	3332	26443	1210.94	586.012	den005d.map.scen
276	astar	3933	4121	32732	1379.57	650.982	den005d.map.scen
277	astar	4370	4565	36423	1335.27	649.035	den005d.map.scen
278	astar	5812	5891	47935	1522.62	658.195	den005d.map.scen
279	astar	5725	5824	47336	1425.92	596.597	den005d.map.scen
280	astar	3677	3763	30186	992.664	693.509	den005d.map.scen
281	astar	3429	3496	28159	997.989	683.367	den005d.map.scen
282	astar	3756	3865	30832	1344.39	712.964	den005d.map.scen
283	astar	5684	5746	46842	2290.5	631.254	den005d.map.scen
284	astar	5411	5552	44822	2422.08	629.225	den005d.map.scen
285	astar	5810	5873	47881	2514.78	641.751	den005d.map.scen
286	astar	3795	3990	31543	1096.71	646.751	den005d.map.scen
287	astar	4218	4326	34226	1621.18	662.047	den005d.map.scen
288	astar	4305	4391	34845	1107.77	715.337	den005d.map.scen
289	astar	4277	4365	34703	1062.87	721.781	den005d.map.scen
290	astar	3664	3758	30035	960.172	680.905	den005d.map.scen
291	astar	3362	3454	27613	823.901	711.935	den005d.map.scen
292	astar	3867	3951	31643	980.479	666.053	den005d.map.scen
293	astar	3067	3142	24679	822.296	734.023	den005d.map.scen
294	astar	3119	3185	25814	862.408	567.668	den005d.map.scen
295	astar	5464	5512	45032	1452.21	754.935	den005d.map.scen
296	astar	5656	5721	46610	2485.15	675.035	den005d.map.scen
297	astar	4202	4276	33959	2418.83	713.668	den005d.map.scen
298	astar	4292	4374	34770	1340.1	729.432	den005d.map.scen
299	astar	4875	5016	39710	1769.38	719.307	den005d.map.scen
300	astar	3436	3518	28142	874.286	677.053	den005d.map.scen
301	astar	4038	4157	33052	1002.97	705.065	den005d.map.scen
302	astar	3460	3567	28464	842.059	672.225	den005d.map.scen
303	astar	3146	3202	25328	752.304	742.349	den005d.map.scen
304	astar	3380	3516	27414	842.471	726.834	den005d.map.scen
305	astar	3082	3179	24824	749.146	718.81	den005d.map.scen
306	astar	3107	3194	25738	754.504	640.71	den005d.map.scen
307	astar	3661	3804	30171	1252.16	662.621	den005d.map.scen
308	astar	5815	5943	48080	2095.41	662.479	den005d.map.scen
309	astar	5738	5873	47551	2278.05	660.923	den005d.map.scen
310	astar	4243	4392	34786	1406.49	776.846	den005d.map.scen
311	astar	4237	4366	34730	2505.16	725.58	den005d.map.scen
312	astar	4037	4158	33086	1575.18	743.13	den005d.map.scen
313	astar	3424	3543	27791	1776.19	698.905	den005d.map.scen
314	astar	5885	6006	48689	1527.02	730.893	den005d.map.scen
315	astar	6202	6282	51169	1716.79	711.609	den005d.map.scen
316	astar	6367	6469	52514	2743.5	729.704	den005d.map.scen
317	astar	6037	6123	49834	2132.05	749.059	den005d.map.scen
318	astar	6108	6200	50420	4430.28	747.361	den005d.map.scen
319	astar	5692	5759	46900	2406.97	723.165	den005d.map.scen
320	astar	4842	4947	40219	1269.95	696.307	den005d.map.scen
321	astar	5430	5480	44757	1712.89	744.509	den005d.map.scen
322	astar	5390	5523	44527	1350.2	734.834	den005d.map.scen
323	astar	6575	6684	54271	1870.24	737.077	den005d.map.scen
324	astar	6480	6599	53480	2310.93	741.219	den005d.map.scen
325	astar	5766	5839	47554	2221.89	766.846	den005d.map.scen
326	astar	3432	3562	28302	1770.93	729.106	den005d.map.scen
327	astar	5036	5143	40962	2668.52	756.964	den005d.map.scen
328	astar	5180	5316	42214	1286.1	802.13	den005d.map.scen
329	astar	3919	3973	31677	1016.04	779.159	den005d.map.scen
330	astar	4348	4517	35790	1104.85	740.088	den005d.map.scen
331	astar	4818	5012	39686	1239.75	751.219	den005d.map.scen
332	astar	3915	4050	32184	1056.67	769.118	den005d.map.scen
333	astar	4228	4358	34786	1875.64	804.781	den005d.map.scen
334	astar	4274	4418	35034	1633.07	792.195	den005d.map.scen
335	astar	4719	4905	38808	1576.29	789.148	den005d.map.scen
336	astar	4913	5036	40635	1947.33	754.633	den005d.map.scen
337	astar	6402	6442	52740	2747.91	728.491	den005d.map.scen
338	astar	4851	4962	39432	1896.87	785.733	den005d.map.scen
339	astar	4985	5117	40662	1273.6	727.609	den005d.map.scen
340	astar	3628	3759	29838	1050.32	674.651	den005d.map.scen
341	astar	3577	3714	29486	977.021	774.42	den005d.map.scen
342	astar	4912	5107	40284	1348.58	779.562	den005d.map.scen
343	astar	4952	5089	40329	2077.34	899.627	den005d.map.scen
344	astar	4347	4514	35381	1977.86	851.887	den005d.map.scen
345	astar	5220	5309	43147	2812.8	754.148	den005d.map.scen
346	astar	5038	5151	41533	2761.86	754.053	den005d.map.scen
347	astar	6801	6889	56124	1877.37	797.633	den005d.map.scen
348	astar	7385	7476	60919	2047.12	805.006	den005d.map.scen
349	astar	6677	6782	55109	1825.83	771.23	den005d.map.scen
350	astar	4736	4864	38650	1609.55	848.219	den005d.map.scen
351	astar	5728	5783	47213	2367.34	866.763	den005d.map.scen
352	astar	5623	5685	46347	2292.63	860.704	den005d.map.scen
353	astar	6970	7064	57513	5976.04	843.704	den005d.map.scen
354	astar	5295	5376	43093	1358.94	839.491	den005d.map.scen
355	astar	5541	5605	45082	1415.84	812.958	den005d.map.scen
356	astar	5769	5806	46852	1471.92	799.633	den005d.map.scen
357	astar	4194	4230	33884	1138.78	824.301	den005d.map.scen
358	astar	3969	4025	32080	1291.84	825.42	den005d.map.scen
359	astar	4908	5050	40860	2421.29	731.307	den005d.map.scen
360	astar	5240	5399	43359	2287.76	783.088	den005d.map.scen
361	astar	7689	7768	63362	3355.85	881.1	den005d.map.scen
362	astar	7489	7596	61737	2028.7	841.094	den005d.map.scen
363	astar	6943	7026	57284	1888.82	821.988	den005d.map.scen
364	astar	6947	7060	57332	1848.06	832.852	den005d.map.scen
365	astar	7382	7476	60939	3255.82	888.278	den005d.map.scen
366	astar	6856	6958	56589	2650.67	796.633	den005d.map.scen
367	astar	6978	7088	57506	2790.74	849.473	den005d.map.scen
368	astar	5550	5603	45729	2177.39	852.301	den005d.map.scen
369	astar	5153	5290	42672	1295.73	801.964	den005d.map.scen
370	astar	5188	5363	42812	1362.51	848.059	den005d.map.scen
371	astar	4857	4976	39728	1304.97	930.503	den005d.map.scen
372	astar	4275	4433	35235	1472.83	755.52	den005d.map.scen
373	astar	5298	5457	43255	1320.34	855.988	den005d.map.scen
374	astar	5477	5622	44958	2992.51	830.094	den005d.map.scen
375	astar	4308	4347	34810	1376.57	837.816	den005d.map.scen
376	astar	4698	4864	38890	1770.81	782.077	den005d.map.scen
377	astar	5774	5896	47727	3173.96	785.994	den005d.map.scen
378	astar	5833	5920	48108	1704.27	831.633	den005d.map.scen
379	astar	5917	6053	48992	1607.26	781.39	den005d.map.scen
380	astar	5846	5989	47691	1551.52	834.574	den005d.map.scen
381	astar	4342	4419	35158	1173.23	852.828	den005d.map.scen
382	astar	5815	5885	47935	2085.18	851.745	den005d.map.scen
383	astar	6044	6112	49845	2314.22	887.059	den005d.map.scen
384	astar	6038	6109	49832	2805.25	846.946	den005d.map.scen
385	astar	6246	6331	51524	3459.71	896.029	den005d.map.scen
386	astar	6482	6596	53461	1745.63	870.432	den005d.map.scen
387	astar	7514	7627	61896	1969.88	846.929	den005d.map.scen
388	astar	7945	8107	65583	2141.8	828.556	den005d.map.scen
389	astar	8186	8302	67476	4941.74	929.082	den005d.map.scen
390	astar	5511	5692	45034	3962.87	882.219	den005d.map.scen
391	astar	6065	6120	50018	2370.82	887.727	den005d.map.scen
392	astar	7282	7383	60077	2021.47	994.414	den005d.map.scen
393	astar	6517	6627	53772	1721.31	915.071	den005d.map.scen
394	astar	7344	7475	60671	2160.87	892.059	den005d.map.scen
395	astar	8176	8292	67432	2925.95	901.532	den005d.map.scen
396	astar	8793	8971	72536	4368.69	965.485	den005d.map.scen
397	astar	6112	6216	50535	2824.35	944.591	den005d.map.scen
398	astar	5921	5948	48003	1492.49	883.976	den005d.map.scen
399	astar	6089	6118	49410	1501.61	921.704	den005d.map.scen
400	astar	6647	6786	54326	1839.27	946.615	den005d.map.scen
401	astar	5308	5455	43787	1649.85	848.42	den005d.map.scen
402	astar	5043	5155	41034	1406.26	876.13	den005d.map.scen
403	astar	4700	4787	38217	2089.69	891.485	den005d.map.scen
404	astar	6070	6154	50087	3473.3	912.088	den005d.map.scen
405	astar	6200	6273	51097	3270.26	919.071	den005d.map.scen
406	astar	8590	8716	70818	2347.49	908.088	den005d.map.scen
407	astar	8662	8793	71414	2328.86	958.97	den005d.map.scen
408	astar	6309	6421	52151	1959.36	840.473	den005d.map.scen
409	astar	6591	6656	54275	2085.71	867.603	den005d.map.scen
410	astar	5993	6129	48998	2063.77	961.704	den005d.map.scen
411	astar	5030	5220	41451	2091.89	930.532	den005d.map.scen
412	astar	5581	5735	45906	2380.13	936.384	den005d.map.scen
413	astar	6130	6299	50006	2668.81	907.443	den005d.map.scen
414	astar	6821	6965	55756	1680.37	964.165	den005d.map.scen
415	astar	6692	6807	54742	2297.48	964.597	den005d.map.scen
416	astar	6660	6801	54465	2558.47	958.668	den005d.map.scen
417	astar	6548	6710	53512	3216.26	958.503	den005d.map.scen
418	astar	8468	8626	69769	4191.18	991.84	den005d.map.scen
419	astar	8122	8233	66961	2266.64	875.059	den005d.map.scen
420	astar	6516	6633	53292	1690.16	937.645	den005d.map.scen
421	astar	6120	6307	50279	1649.35	910.585	den005d.map.scen
422	astar	7404	7526	61098	2717.39	961.331	den005d.map.scen
423	astar	7481	7567	61628	4344.8	975.787	den005d.map.scen
424	astar	6360	6498	52543	7252.89	1017.38	den005d.map.scen
425	astar	6998	7123	57784	1802.86	1018.28	den005d.map.scen
426	astar	7092	7210	58524	1958.05	1017.97	den005d.map.scen
427	astar	6086	6118	49392	2328.79	973.485	den005d.map.scen
428	astar	6386	6482	52684	2622.18	991.426	den005d.map.scen
429	astar	8658	8755	71188	3849.59	979.84	den005d.map.scen
430	astar	6741	6870	55319	1788.82	961.142	den005d.map.scen
431	astar	7142	7266	58485	2040.27	989.627	den005d.map.scen
432	astar	6264	6339	51700	1695.09	963.875	den005d.map.scen
433	astar	6667	6758	55009	2490.4	918.467	den005d.map.scen
434	astar	6990	7136	57755	2911.07	1025.51	den005d.map.scen
435	astar	9316	9445	76826	3811.2	996.171	den005d.map.scen
436	astar	8402	8507	69095	4532.89	925	den005d.map.scen
437	astar	8267	8345	67955	2156.53	1020.22	den005d.map.scen
438	astar	5075	5178	41226	1652.8	926.798	den005d.map.scen
439	astar	6221	6253	50497	2273.32	1003.3	den005d.map.scen
440	astar	6916	7005	56485	2232.82	1070.59	den005d.map.scen
441	astar	6941	7030	56852	3317.4	963.272	den005d.map.scen
442	astar	6703	6841	55348	2922.31	1002.31	den005d.map.scen
443	astar	6574	6698	54276	1787.96	993.727	den005d.map.scen
444	astar	7507	7617	61955	2059	1023.38	den005d.map.scen
445	astar	7731	7838	63753	2275	1000.85	den005d.map.scen
446	astar	6664	6740	54861	2475.3	1052.58	den005d.map.scen
447	astar	6253	6316	50773	2124.41	1071.01	den005d.map.scen
448	astar	6686	6779	54420	2529.26	1101.85	den005d.map.scen
449	astar	6552	6613	53912	2737.42	966.059	den005d.map.scen
450	astar	6875	7035	56270	1865.42	1028.48	den005d.map.scen
451	astar	7201	7276	58869	2143.07	1080.54	den005d.map.scen
452	astar	8329	8440	68607	4217.65	1070.91	den005d.map.scen
453	astar	8019	8153	66118	3044.31	999.047	den005d.map.scen
454	astar	9873	9962	81294	3894.78	1094.58	den005d.map.scen
455	astar	9313	9420	76808	3537.33	1012.71	den005d.map.scen
456	astar	9434	9583	77777	2436.45	1038.7	den005d.map.scen
457	astar	9720	9779	79958	3235.99	1089.33	den005d.map.scen
458	astar	9044	9186	74313	3562.22	1120.01	den005d.map.scen
459	astar	7003	7126	57854	2792.68	1027.24	den005d.map.scen
460	astar	7663	7777	62793	2980.51	1046.58	den005d.map.scen
461	astar	7293	7382	60062	1981.07	1007.38	den005d.map.scen
462	astar	7499	7634	61808	2299.44	1035.17	den005d.map.scen
463	astar	8295	8413	68311	2405.28	1071.68	den005d.map.scen
464	astar	8640	8765	71101	3112.32	996.183	den005d.map.scen
465	astar	9379	9561	77166	4972.98	1041.37	den005d.map.scen
466	astar	9991	10071	82276	2697.02	1065.41	den005d.map.scen
467	astar	9558	9700	78821	2574.27	1029.25	den005d.map.scen
468	astar	9661	9760	79580	3691.81	1077.01	den005d.map.scen
469	astar	8594	8699	70685	3237.44	1013.46	den005d.map.scen
470	astar	6510	6604	52928	3119.96	1105.56	den005d.map.scen
471	astar	7348	7422	60514	2791.72	1087.45	den005d.map.scen
472	astar	8172	8281	67166	2298.9	1103.02	den005d.map.scen
473	astar	7583	7666	62336	2098.89	1001.48	den005d.map.scen
474	astar	7932	8042	65167	3459.17	1099.62	den005d.map.scen
475	astar	9161	9290	75498	3864.06	1187.38	den005d.map.scen
476	astar	9029	9097	74129	3752.82	1034.27	den005d.map.scen
477	astar	10073	10153	82933	3518.56	1116.91	den005d.map.scen
478	astar	9091	9192	74671	2632.8	1060.71	den005d.map.scen
479	astar	9701	9856	79806	4092.41	1063.43	den005d.map.scen
480	astar	8024	8143	65740	3101.26	1098.19	den005d.map.scen
481	astar	7798	7912	63916	3122.6	1099.49	den005d.map.scen
482	astar	6471	6571	52672	2046.97	1192.83	den005d.map.scen
483	astar	8565	8727	70569	14957.5	1186.17	den005d.map.scen
484	astar	8221	8328	67699	3504.77	1105.31	den005d.map.scen
485	astar	8126	8244	66847	3453.58	1077.47	den005d.map.scen
486	astar	8240	8376	67752	3872.76	1111.01	den005d.map.scen
487	astar	9808	9945	80621	4027.28	1076.89	den005d.map.scen
488	astar	9903	10060	81555	2754.59	1151.62	den005d.map.scen
489	astar	7787	7873	64135	2203.02	1101.22	den005d.map.scen
490	astar	8172	8275	66972	2568.48	1092.43	den005d.map.scen
491	astar	6573	6682	53525	3029.39	1126.41	den005d.map.scen
492	astar	7958	8070	65634	3343.17	1124.67	den005d.map.scen
493	astar	8592	8672	70586	3345.7	1127.76	den005d.map.scen
494	astar	9686	9822	79928	2687.59	1138.24	den005d.map.scen
495	astar	9765	9922	80596	2928.7	1118.27	den005d.map.scen
496	astar	10371	10414	85201	4031.56	1174.61	den005d.map.scen
497	astar	7165	7293	59152	2891.65	1146.18	den005d.map.scen
498	astar	7106	7199	57905	2943.64	1113.59	den005d.map.scen
499	astar	7472	7546	61030	2371.95	1136.04	den005d.map.scen
500	astar	7672	7830	62888	1963.83	1060.75	den005d.map.scen
501	astar	10281	10329	84557	3515.24	1133.17	den005d.map.scen
502	astar	8679	8841	71515	4207.64	1229.09	den005d.map.scen
503	astar	7629	7696	62226	3109.49	1187.86	den005d.map.scen
504	astar	8917	9073	73549	2550.8	1172.38	den005d.map.scen
505	astar	9218	9356	76010	2489.15	1184.55	den005d.map.scen
506	astar	9339	9444	76969	3255.85	1219.73	den005d.map.scen
507	astar	10151	10284	83287	4356.85	1106.62	den005d.map.scen
508	astar	8359	8490	68692	4389.82	1160.41	den005d.map.scen
509	astar	8017	8166	65933	2174.33	1100.27	den005d.map.scen
510	astar	8347	8496	68418	2215.43	1163.38	den005d.map.scen
511	astar	8766	8933	72299	2947.14	1148.73	den005d.map.scen
512	astar	9117	9263	75249	5732.88	1166.83	den005d.map.scen
513	astar	9638	9757	79439	4968.6	1187.22	den005d.map.scen
514	astar	10036	10156	82303	2668.58	1118.18	den005d.map.scen
515	astar	8459	8557	69590	2212.11	1184.61	den005d.map.scen
516	astar	6136	6168	49804	2637.39	1230.08	den005d.map.scen
517	astar	7659	7759	62517	3221.87	1187.09	den005d.map.scen
518	astar	7919	8053	65139	4003.9	1137.24	den005d.map.scen
519	astar	9587	9722	79002	3289.54	1190.04	den005d.map.scen
520	astar	8898	9043	72988	2291.94	1172.25	den005d.map.scen
521	astar	10931	10997	89637	4280.09	1290.64	den005d.map.scen
522	astar	10746	10795	88061	4832.23	1229.76	den005d.map.scen
523	astar	10624	10708	87334	3983.7	1189.05	den005d.map.scen
524	astar	8963	9044	73614	2349.74	1120.43	den005d.map.scen
525	astar	9090	9222	75000	3323.62	1246.98	den005d.map.scen
526	astar	7937	8009	64765	2979.01	1299.8	den005d.map.scen
527	astar	6973	7064	56777	2926.64	1194.41	den005d.map.scen
528	astar	8443	8564	69528	3220.33	1210.14	den005d.map.scen
529	astar	7840	7940	64371	2558.68	1170.95	den005d.map.scen
530	astar	8461	8532	69453	2263.49	1069.17	den005d.map.scen
531	astar	8904	8995	72977	2857.12	1188.04	den005d.map.scen
532	astar	7340	7443	59902	3369.29	1240.47	den005d.map.scen
533	astar	8428	8531	69291	4039.59	1199.5	den005d.map.scen
534	astar	8547	8680	70281	2499.16	1187.7	den005d.map.scen
535	astar	8740	8837	71785	2226.59	1252.54	den005d.map.scen
536	astar	8784	8877	72174	2391.27	1235.17	den005d.map.scen
537	astar	9045	9138	74346	3013.15	1194.93	den005d.map.scen
538	astar	9842	9950	81096	4821.13	1179.81	den005d.map.scen
539	astar	10440	10504	85787	4016.79	1227.59	den005d.map.scen
540	astar	8487	8577	69662	2446.94	1158.76	den005d.map.scen
541	astar	7628	7698	62243	2250.76	1298.89	den005d.map.scen
542	astar	8921	9064	73645	2677.77	1180.79	den005d.map.scen
543	astar	8190	8314	67321	3638.55	1146.05	den005d.map.scen
544	astar	9863	9958	81237	3183.49	1313.93	den005d.map.scen
545	astar	11452	11510	93824	3532.36	1276.7	den005d.map.scen
546	astar	10873	10943	89377	2730.51	1290.77	den005d.map.scen
547	astar	7783	7875	63569	2977.86	1218.15	den005d.map.scen
548	astar	10895	10960	89252	4071.51	1187.83	den005d.map.scen
549	astar	11215	11346	92241	3801.5	1237.72	den005d.map.scen
550	astar	9494	9541	77734	2772.26	1259.77	den005d.map.scen
551	astar	7830	7911	63911	2125.28	1381.72	den005d.map.scen
552	astar	10818	10913	88724	3666.88	1202.58	den005d.map.scen
553	astar	8927	9085	73654	3053.73	1312.58	den005d.map.scen
554	astar	8109	8182	66174	3109.08	1310.63	den005d.map.scen
555	astar	8025	8101	65502	2386.89	1292.76	den005d.map.scen
556	astar	8278	8348	67553	2176.28	1302.9	den005d.map.scen
557	astar	10629	10712	87212	2743.05	1260.46	den005d.map.scen
558	astar	10849	10940	89233	3942.07	1240.62	den005d.map.scen
559	astar	10596	10668	87118	3373.11	1262.4	den005d.map.scen
560	astar	9106	9182	74537	3210.77	1242.43	den005d.map.scen
561	astar	9186	9266	75428	2989.47	1172.22	den005d.map.scen
562	astar	9227	9290	75737	2470.84	1233.15	den005d.map.scen
563	astar	10362	10426	85160	4011.43	1329.92	den005d.map.scen
564	astar	11196	11305	91783	4105.03	1303.8	den005d.map.scen
565	astar	8782	8908	72366	2904.17	1324.02	den005d.map.scen
566	astar	9822	9910	80868	2586.08	1335.8	den005d.map.scen
567	astar	9502	9632	78356	2812.75	1229.54	den005d.map.scen
568	astar	11126	11234	91257	4062.43	1346.92	den005d.map.scen
569	astar	9777	9887	80558	3757.06	1305.37	den005d.map.scen
570	astar	9541	9638	78204	2875.34	1272.69	den005d.map.scen
571	astar	9674	9710	79208	2474.79	1318.98	den005d.map.scen
572	astar	9383	9566	77452	2475.6	1159.75	den005d.map.scen
573	astar	10625	10673	87114	4254.35	1391.06	den005d.map.scen
574	astar	10683	10745	87754	5032.36	1389.44	den005d.map.scen
575	astar	11678	11754	95722	3622.76	1392.37	den005d.map.scen
576	astar	11033	11117	90414	3247.03	1340.24	den005d.map.scen
577	astar	11232	11338	92342	5479.13	1348.08	den005d.map.scen
578	astar	9047	9136	74573	3976.28	1319.98	den005d.map.scen
579	astar	11179	11280	91945	5492.85	1313.1	den005d.map.scen
580	astar	10435	10512	85791	4838.78	1385.74	den005d.map.scen
581	astar	12169	12257	99861	5170.68	1354.33	den005d.map.scen
582	astar	11691	11799	96145	5346.03	1339.03	den005d.map.scen
583	astar	11551	11640	94776	4570.68	1354.32	den005d.map.scen
584	astar	9581	9693	78904	3383.21	1337.63	den005d.map.scen
585	astar	8533	8620	69602	3448.5	1393.84	den005d.map.scen
586	astar	8473	8559	69096	2415.68	1355.14	den005d.map.scen
587	astar	6911	7054	56424	2681.25	1368.55	den005d.map.scen
588	astar	8426	8528	68773	3884.89	1340.27	den005d.map.scen
589	astar	8404	8487	68568	3167.45	1388.85	den005d.map.scen
590	astar	9393	9502	76997	3025.4	1349.53	den005d.map.scen
591	astar	9743	9781	79755	2777.81	1336.04	den005d.map.scen
592	astar	9967	10102	81748	2692.44	1366.22	den005d.map.scen
593	astar	10401	10467	85459	2789.71	1359.83	den005d.map.scen
594	astar	12027	12121	98683	3990.76	1363.14	den005d.map.scen
595	astar	11807	11968	97233	3164.67	1334.63	den005d.map.scen
596	astar	11973	12062	98280	3136.43	1374.88	den005d.map.scen
597	astar	11535	11672	94907	4100.06	1314.26	den005d.map.scen
598	astar	11697	11770	95961	3332.15	1379.18	den005d.map.scen
599	astar	11312	11410	92790	3417.2	1342.05	den005d.map.scen
600	astar	10101	10156	82638	3546.84	1338.89	den005d.map.scen
601	astar	9763	9823	79917	2587.59	1356.42	den005d.map.scen
602	astar	10757	10802	88157	2792.03	1421.18	den005d.map.scen
603	astar	12149	12234	99634	5296.33	1386.6	den005d.map.scen
604	astar	11766	11928	96871	3944.12	1341.45	den005d.map.scen
605	astar	8792	8849	71708	4072.93	1401.3	den005d.map.scen
606	astar	10517	10599	86239	2759.02	1337.61	den005d.map.scen
607	astar	12065	12173	99139	3255.38	1378.59	den005d.map.scen
608	astar	12013	12136	98807	4941.39	1359.67	den005d.map.scen
609	astar	12177	12246	99787	3927.33	1396.2	den005d.map.scen
610	astar	11561	11621	94764	4380.6	1461.65	den005d.map.scen
611	astar	12083	12136	98955	3234.03	1345.54	den005d.map.scen
612	astar	12307	12362	100795	3346.92	1434.11	den005d.map.scen
613	astar	10644	10712	87468	4227.91	1481.14	den005d.map.scen
614	astar	10428	10494	85716	4752.85	1429.01	den005d.map.scen
615	astar	8899	8965	72659	2561.86	1475.34	den005d.map.scen
616	astar	7602	7665	62032	2101.68	1490.41	den005d.map.scen
617	astar	11178	11279	91917	4262.73	1407.97	den005d.map.scen
618	astar	11551	11604	94706	3943.89	1464.69	den005d.map.scen
619	astar	12026	12093	98541	4192.6	1430.63	den005d.map.scen
620	astar	11685	11747	95973	3120.95	1558.7	den005d.map.scen
621	astar	12459	12579	102305	3398.83	1435.69	den005d.map.scen
622	astar	12214	12347	100579	5417.37	1331.43	den005d.map.scen
623	astar	12306	12479	101474	4481.37	1329.5	den005d.map.scen
624	astar	12100	12226	99406	3161.24	1440.67	den005d.map.scen
625	astar	12365	12464	101511	4286.54	1408.74	den005d.map.scen
626	astar	10383	10441	85345	4690.06	1425.13	den005d.map.scen
627	astar	7587	7671	61959	3043.22	1312.37	den005d.map.scen
628	astar	11353	11452	93408	2954.99	1358.61	den005d.map.scen
629	astar	12990	13109	106711	3666.01	1462.88	den005d.map.scen
630	astar	10081	10151	82486	3728.45	1360.27	den005d.map.scen
631	astar	10324	10401	84515	3339.78	1418.8	den005d.map.scen
632	astar	10542	10634	86660	3389.72	1435.04	den005d.map.scen
633	astar	11044	11132	90549	3201.54	1483.92	den005d.map.scen
634	astar	12024	12105	98544	4316.15	1393.86	den005d.map.scen
635	astar	12504	12641	102832	6299.53	1452.8	den005d.map.scen
636	astar	12254	12415	101006	5374.67	1361.31	den005d.map.scen
637	astar	13120	13224	107772	3849.99	1480.75	den005d.map.scen
638	astar	12053	12116	98752	8502.23	1423.89	den005d.map.scen
639	astar	11374	11483	93292	7660.06	1427.35	den005d.map.scen
640	astar	10374	10458	84941	5441.45	1375.55	den005d.map.scen
641	astar	10390	10473	85130	3494.2	1376.18	den005d.map.scen
642	astar	9993	10026	81774	2685.14	1445.57	den005d.map.scen
643	astar	10261	10330	83964	3540.91	1522.69	den005d.map.scen
644	astar	11135	11239	91298	8722.77	1521.15	den005d.map.scen
645	astar	12514	12649	102877	5251.53	1450.72	den005d.map.scen
646	astar	12844	12985	105541	4207.91	1506.54	den005d.map.scen
647	astar	12867	12962	105756	7136.13	1540.82	den005d.map.scen
648	astar	13049	13139	107250	4809.31	1477.17	den005d.map.scen
649	astar	13196	13295	108436	4074.34	1448.99	den005d.map.scen
650	astar	10551	10640	86485	3687.8	1432.9	den005d.map.scen
651	astar	10499	10605	86098	5440.16	1388.33	den005d.map.scen
652	astar	10711	10788	87728	2832.74	1528.81	den005d.map.scen
653	astar	11189	11292	91758	2971.45	1474.09	den005d.map.scen
654	astar	11838	11908	97043	4890.23	1506.11	den005d.map.scen
655	astar	13117	13275	107816	5230.39	1494.8	den005d.map.scen
656	astar	12508	12640	102904	3307.99	1396.79	den005d.map.scen
657	astar	12556	12702	103462	3670.72	1438.93	den005d.map.scen
658	astar	10987	11080	90268	3604.43	1542.94	den005d.map.scen
659	astar	10960	11042	90093	4810.94	1451.18	den005d.map.scen
660	astar	10435	10525	85480	2917.78	1469.75	den005d.map.scen
661	astar	11299	11393	92659	3613.94	1504.64	den005d.map.scen
662	astar	12326	12418	101204	3441.39	1542.77	den005d.map.scen
663	astar	13376	13448	109812	5259.03	1535.82	den005d.map.scen
664	astar	12554	12714	103238	4317.84	1513.41	den005d.map.scen
665	astar	13162	13268	108189	3422.24	1459.66	den005d.map.scen
666	astar	10729	10810	87981	3729.42	1490.66	den005d.map.scen
667	astar	8304	8383	67772	3508.57	1519.3	den005d.map.scen
668	astar	9420	9471	77097	4121.31	1353.4	den005d.map.scen
669	astar	9371	9428	76673	2356.33	1556.28	den005d.map.scen
670	astar	10488	10580	85965	2663.22	1470.32	den005d.map.scen
671	astar	11678	11749	95763	4401.3	1628.02	den005d.map.scen
672	astar	9658	9698	78986	5183.42	1554.73	den005d.map.scen
673	astar	13442	13500	110253	4464.83	1568.52	den005d.map.scen
674	astar	10613	10660	87240	3627.2	1521.98	den005d.map.scen
675	astar	9520	9552	77893	5149.69	1599.53	den005d.map.scen
676	astar	12165	12290	99938	4016.84	1564.67	den005d.map.scen
677	astar	12112	12237	99426	5723.75	1470.04	den005d.map.scen
678	astar	12060	12165	99046	6253.63	1560.9	den005d.map.scen
679	astar	13817	13906	113362	7234.75	1522.9	den005d.map.scen
680	astar	11156	11227	91281	3762.78	1579.87	den005d.map.scen
681	astar	11626	11716	95399	4653.08	1563.59	den005d.map.scen
682	astar	11711	11781	96174	8496.44	1561.04	den005d.map.scen
683	astar	11571	11661	94929	8521.81	1549.33	den005d.map.scen
684	astar	13682	13754	112166	6869.62	1602.31	den005d.map.scen
685	astar	13816	13909	113319	4341.82	1594.68	den005d.map.scen
686	astar	13368	13479	109717	7792.54	1543.45	den005d.map.scen
687	astar	12164	12298	99958	5067.95	1533.37	den005d.map.scen
688	astar	8476	8559	69207	2483.09	1477.31	den005d.map.scen
689	astar	8640	8713	70487	4184.92	1588.98	den005d.map.scen
690	astar	11606	11690	95313	6015.21	1518.38	den005d.map.scen
691	astar	11820	11904	97036	4489.51	1554.18	den005d.map.scen
692	astar	12753	12857	104583	5340.29	1698.11	den005d.map.scen
693	astar	12208	12304	100053	13954.7	1589.02	den005d.map.scen
694	astar	12011	12145	98920	6530.97	1521.94	den005d.map.scen
695	astar	13939	14063	114361	6297.53	1585.97	den005d.map.scen
696	astar	14428	14534	118266	6748.19	1628.12	den005d.map.scen
697	astar	14288	14383	117119	6958.62	1621.03	den005d.map.scen
698	astar	14494	14559	118623	5756.73	1743.03	den005d.map.scen
699	astar	13995	14087	114830	7558.67	1616.5	den005d.map.scen
700	astar	11359	11491	93117	7558.38	1544.57	den005d.map.scen
701	astar	11220	11330	91875	6048.62	1583.85	den005d.map.scen
702	astar	11463	11552	93712	5555.32	1631.04	den005d.map.scen
703	astar	11497	11602	94004	3515.06	1609.64	den005d.map.scen
704	astar	11940	12029	97914	4077.1	1671.18	den005d.map.scen
705	astar	12442	12556	102115	4302.36	1697.87	den005d.map.scen
706	astar	12067	12214	99391	3979.97	1519.31	den005d.map.scen
707	astar	13488	13552	110591	4097.66	1565.63	den005d.map.scen
708	astar	14580	14674	119451	5774.36	1665.93	den005d.map.scen
709	astar	12001	12102	98497	3064.29	1690.19	den005d.map.scen
710	astar	11489	11570	93864	4670.98	1533.14	den005d.map.scen
711	astar	11345	11427	92765	3615.07	1697.55	den005d.map.scen
712	astar	11190	11267	91601	4188.19	1538.3	den005d.map.scen
713	astar	11321	11433	92709	4162.57	1546.8	den005d.map.scen
714	astar	11536	11633	94253	4885.33	1547.24	den005d.map.scen
715	astar	12175	12239	99852	3425.25	1593.31	den005d.map.scen
716	astar	12274	12399	100843	4781.38	1664.22	den005d.map.scen
717	astar	12178	12262	99753	5276.27	1630.4	den005d.map.scen
718	astar	12197	12269	100108	3255.14	1653.95	den005d.map.scen
719	astar	12653	12714	103537	3742.02	1644.4	den005d.map.scen
720	astar	11420	11512	93364	4116.45	1583.7	den005d.map.scen
721	astar	11368	11452	92986	3878.33	1634.15	den005d.map.scen
722	astar	12586	12655	103087	4157.87	1714.76	den005d.map.scen
723	astar	12434	12555	102189	3501.64	1681.16	den005d.map.scen
724	astar	13026	13151	107057	5229.26	1695.96	den005d.map.scen
725	astar	13098	13205	107535	8735.11	1632.41	den005d.map.scen
726	astar	9905	9950	81003	2711.25	1707.68	den005d.map.scen
727	astar	12923	13043	106183	3360.4	1660.91	den005d.map.scen
728	astar	15088	15168	123430	4781.15	1686.11	den005d.map.scen
729	astar	14629	14697	119822	6171.67	1703.65	den005d.map.scen
730	astar	12402	12517	101669	3414	1662.75	den005d.map.scen
731	astar	11930	12073	97753	4145.99	1662.45	den005d.map.scen
732	astar	12905	13057	106011	4231.99	1727.66	den005d.map.scen
733	astar	12686	12792	104245	4822.45	1779.38	den005d.map.scen
734	astar	12167	12248	99711	3792.75	1779.18	den005d.map.scen
735	astar	12498	12617	102796	4631.9	1643.73	den005d.map.scen
736	astar	14200	14299	116352	5810.05	1620.96	den005d.map.scen
737	astar	15351	15413	125343	4237.82	1798.4	den005d.map.scen
738	astar	12000	12051	98325	3508.94	1777.85	den005d.map.scen
739	astar	9199	9262	75188	4254.35	1721.26	den005d.map.scen
740	astar	11372	11472	92994	3768.99	1667.22	den005d.map.scen
741	astar	12024	12158	98556	3268.11	1636.48	den005d.map.scen
742	astar	11493	11576	93896	4216.74	1743.45	den005d.map.scen
743	astar	11768	11909	96352	3924.4	1693.86	den005d.map.scen
744	astar	12472	12539	102186	4347.02	1728.69	den005d.map.scen
745	astar	13139	13221	107895	4470.13	1719.8	den005d.map.scen
746	astar	14352	14414	117541	4084.96	1873.81	den005d.map.scen
747	astar	14172	14247	116177	6911.74	1769.09	den005d.map.scen
748	astar	10117	10168	82746	2706.14	1719.88	den005d.map.scen
749	astar	13028	13177	107093	3870.28	1740.65	den005d.map.scen
750	astar	12360	12540	101262	4252.62	1713.55	den005d.map.scen
751	astar	15757	15854	128617	5503.38	1782.72	den005d.map.scen
752	astar	14833	14981	121534	5148.7	1723.21	den005d.map.scen
753	astar	10099	10141	82604	2859.4	1761.18	den005d.map.scen
754	astar	10219	10276	83590	3478.55	1810.44	den005d.map.scen
755	astar	9389	9441	76813	4413.5	1766.95	den005d.map.scen
756	astar	10280	10354	84142	3716.89	1723.26	den005d.map.scen
757	astar	10181	10233	83303	2602.36	1663.46	den005d.map.scen
758	astar	10160	10215	83110	2916.32	1684.63	den005d.map.scen
759	astar	13964	14078	114621	5761	1716.02	den005d.map.scen
760	astar	11851	11955	97064	4062.53	1771.85	den005d.map.scen
761	astar	13469	13599	110666	4283.95	1844.37	den005d.map.scen
762	astar	15102	15205	123608	5655.07	1747.43	den005d.map.scen
763	astar	10114	10151	82746	3641.73	1756.18	den005d.map.scen
764	astar	10128	10174	82824	3851.19	1708.06	den005d.map.scen
765	astar	15398	15463	125753	4168.06	1820.55	den005d.map.scen
766	astar	15117	15239	123870	6644.74	1716.45	den005d.map.scen
767	astar	15420	15503	125969	5247.61	1719.54	den005d.map.scen
768	astar	12583	12632	102917	3387.81	1810.64	den005d.map.scen
769	astar	9408	9461	76978	2705.28	1722.11	den005d.map.scen
770	astar	12796	12947	104866	4493.16	1742.92	den005d.map.scen
771	astar	9633	9666	78780	3810.13	1791.63	den005d.map.scen
772	astar	13926	14021	114127	4976.01	1822.38	den005d.map.scen
773	astar	15809	15907	129042	5657.64	1873.55	den005d.map.scen
774	astar	15718	15822	128349	6632.74	1843.5	den005d.map.scen
775	astar	15416	15526	126095	4866.9	1816.86	den005d.map.scen
776	astar	14908	14980	122026	4966.75	1815.4	den005d.map.scen
777	astar	10428	10503	85350	5727.51	1818.25	den005d.map.scen
778	astar	10154	10212	83106	4239.76	1768.09	den005d.map.scen
779	astar	10225	10293	83659	2921.47	1747.15	den005d.map.scen
780	astar	12451	12593	102028	5737.45	1685.55	den005d.map.scen
781	astar	12868	13042	105579	5089.61	1647.3	den005d.map.scen
782	astar	16311	16376	133126	4588.01	1902.41	den005d.map.scen
783	astar	15657	15768	127884	5148.42	1845.93	den005d.map.scen
784	astar	10430	10516	85427	4783.49	1839.89	den005d.map.scen
785	astar	10918	11000	89476	3738.59	1823.41	den005d.map.scen
786	astar	10585	10675	86740	3012.63	1919.28	den005d.map.scen
787	astar	14194	14260	116355	5396.06	1768.35	den005d.map.scen
788	astar	15918	16019	129990	6629.52	1844.99	den005d.map.scen
789	astar	16078	16177	131295	4247.59	1871.44	den005d.map.scen
790	astar	13586	13629	111311	5601.38	1802.72	den005d.map.scen
791	astar	13755	13819	112662	5472.83	1829.12	den005d.map.scen
792	astar	9785	9817	80001	2732.96	1886.18	den005d.map.scen
793	astar	10454	10546	85617	3227.55	1860.05	den005d.map.scen
794	astar	10694	10779	87584	4755.03	1884.35	den005d.map.scen
795	astar	10833	10920	88756	6049.9	1884.43	den005d.map.scen
796	astar	10977	11052	89976	2861.26	1808.86	den005d.map.scen
797	astar	13643	13691	111783	3879.44	1797.98	den005d.map.scen
798	astar	14267	14376	116947	6060.94	1799.77	den005d.map.scen
799	astar	16257	16321	132650	5785.99	1880.56	den005d.map.scen
800	astar	14173	14271	116179	4127.47	1860.51	den005d.map.scen
801	astar	9772	9801	79905	3641.95	1909.54	den005d.map.scen
802	astar	10753	10850	88156	5261.33	1959.56	den005d.map.scen
803	astar	10951	11040	89761	3655.07	1839.82	den005d.map.scen
804	astar	10479	10578	85863	2649.03	2007.96	den005d.map.scen
805	astar	16016	16150	130944	6923.6	1828.34	den005d.map.scen
806	astar	15273	15358	124826	6755.69	1863.05	den005d.map.scen
807	astar	14720	14798	120532	4204.05	1925.71	den005d.map.scen
808	astar	14610	14710	119676	6613.67	1875.4	den005d.map.scen
809	astar	15582	15705	127299	5754.16	1917.27	den005d.map.scen
810	astar	13452	13550	110216	3754.26	1807.25	den005d.map.scen
811	astar	9818	9860	80296	3117.33	1801.21	den005d.map.scen
812	astar	16403	16460	133830	8120.78	1858.67	den005d.map.scen
813	astar	14371	14461	117799	3902.4	1855.95	den005d.map.scen
814	astar	14373	14469	117787	5396.71	1852.8	den005d.map.scen
815	astar	14535	14634	119098	5493.3	1827.67	den005d.map.scen
816	astar	14949	15031	122367	5187.26	1903.31	den005d.map.scen
817	astar	15022	15147	123050	4625.42	1885.37	den005d.map.scen
818	astar	15036	15170	123139	5567.26	1803.64	den005d.map.scen
819	astar	9882	9939	80839	4536.56	1851.33	den005d.map.scen
820	astar	15364	15429	125502	5499.38	1927.07	den005d.map.scen
821	astar	15536	15619	126838	6974.64	1878.61	den005d.map.scen
822	astar	14480	14593	118678	4560.67	1905.16	den005d.map.scen
823	astar	11261	11316	92028	3646.95	1952.48	den005d.map.scen
824	astar	15313	15398	125076	6781.02	1900.26	den005d.map.scen
825	astar	15547	15613	126915	4680.83	1886.35	den005d.map.scen
826	astar	16080	16194	131301	4377.27	1944.82	den005d.map.scen
827	astar	16625	16690	135565	8035.72	1944.08	den005d.map.scen
828	astar	16608	16645	135392	5593.51	1864.72	den005d.map.scen
829	astar	16582	16629	135205	5616.08	1962.11	den005d.map.scen
830	astar	13929	13952	113982	6691.95	1777.83	den005d.map.scen
831	astar	15131	15231	123881	5069.83	1860.57	den005d.map.scen
832	astar	15956	16044	130319	5255.39	2032.5	den005d.map.scen
833	astar	16589	16636	135263	7090.67	1936.79	den005d.map.scen
834	astar	16491	16535	134515	4768.86	1918.06	den005d.map.scen
835	astar	11485	11600	93979	4056.44	1956.07	den005d.map.scen
836	astar	15334	15413	125308	6810.52	1921.53	den005d.map.scen
837	astar	15737	15868	128589	5290.09	2023.91	den005d.map.scen
838	astar	16026	16125	130990	5763.39	1998.01	den005d.map.scen
839	astar	16866	16929	137423	6954.52	1926.21	den005d.map.scen
840	astar	15379	15450	125578	4075.44	2025.35	den005d.map.scen
841	astar	15813	15909	129147	7276.52	1965.5	den005d.map.scen
842	astar	15255	15449	124993	5312.42	1972.47	den005d.map.scen
843	astar	14696	14775	120329	4434.72	1932.47	den005d.map.scen
844	astar	11453	11561	93707	3302.34	1902.7	den005d.map.scen
845	astar	11698	11839	95667	4911.32	1945.6	den005d.map.scen
846	astar	15953	16065	130274	6445.1	1996.44	den005d.map.scen
847	astar	16825	16897	137097	6316.84	1931.28	den005d.map.scen
848	astar	16436	16475	134033	7238.02	1987.2	den005d.map.scen
849	astar	16397	16462	133787	5134.49	1894.82	den005d.map.scen
850	astar	17050	17139	139043	8930.78	1987.95	den005d.map.scen
851	astar	16750	16825	136496	8774.78	2026.38	den005d.map.scen
852	astar	11260	11317	92044	3204.25	1919.02	den005d.map.scen
853	astar	16559	16604	135070	7106.91	1871.34	den005d.map.scen
854	astar	10185	10227	83328	2980.86	2037.8	den005d.map.scen
855	astar	15256	15342	124615	4622.24	1994.64	den005d.map.scen
856	astar	14384	14508	117940	5090.83	1903.87	den005d.map.scen
857	astar	11908	12068	97318	4298.37	1976.48	den005d.map.scen
858	astar	11686	11849	95792	3610.57	1910.74	den005d.map.scen
859	astar	15090	15192	123404	4323.47	1998.38	den005d.map.scen
860	astar	11370	11482	93109	4531.46	1986.84	den005d.map.scen
861	astar	15510	15590	126635	5094.99	1972.6	den005d.map.scen
862	astar	15483	15548	126407	4198.34	2073.18	den005d.map.scen
863	astar	11805	11952	96680	3453.43	2049.31	den005d.map.scen
864	astar	11357	11457	93009	6119.59	1975.82	den005d.map.scen
865	astar	11933	12083	97569	3574.14	2051.94	den005d.map.scen
866	astar	12575	12776	103033	3460.61	2084.82	den005d.map.scen
867	astar	12980	13133	106435	4214.81	2134.89	den005d.map.scen
868	astar	10252	10313	83886	4073.99	2011.01	den005d.map.scen
869	astar	15739	15871	128660	4381.09	2058.91	den005d.map.scen
870	astar	14162	14212	115900	3994.83	1951.89	den005d.map.scen
871	astar	15591	15715	127369	5044.87	2048.54	den005d.map.scen
872	astar	16279	16324	132778	5132.69	2041.16	den005d.map.scen
873	astar	16776	16831	136769	5405.61	1929.63	den005d.map.scen
874	astar	10382	10463	85038	2565.67	1962.53	den005d.map.scen
875	astar	11993	12145	98228	3328.07	2078.03	den005d.map.scen
876	astar	11888	12029	97267	4180.58	2023.58	den005d.map.scen
877	astar	12126	12277	99139	3447.6	2045.23	den005d.map.scen
878	astar	12057	12186	98882	3165.03	1987.64	den005d.map.scen
879	astar	12200	12355	99756	3143.05	2067.49	den005d.map.scen
880	astar	14209	14248	116294	5088.18	2015.37	den005d.map.scen
881	astar	11656	11776	95388	2866.44	2053.34	den005d.map.scen
882	astar	15614	15664	127433	4793.35	2007.88	den005d.map.scen
883	astar	16518	16622	134799	4287.15	1994.88	den005d.map.scen
884	astar	17058	17139	139048	6325.05	2001.86	den005d.map.scen
885	astar	17480	17501	142435	5349.93	2193.43	den005d.map.scen
886	astar	11941	12063	97566	3061.86	2002.51	den005d.map.scen
887	astar	12020	12186	98453	3353.9	2090.38	den005d.map.scen
888	astar	11920	12062	97436	4453.89	2011.18	den005d.map.scen
889	astar	10637	10725	87170	3733.56	2012.74	den005d.map.scen
890	astar	14423	14492	118085	3780.08	1964.95	den005d.map.scen
891	astar	14205	14255	116267	4117.31	2025.2	den005d.map.scen
892	astar	17028	17118	138904	5850.07	2041.76	den005d.map.scen
893	astar	16669	16714	135849	4890.97	2096.73	den005d.map.scen
894	astar	12151	12301	99513	3047.09	2045.8	den005d.map.scen
895	astar	12557	12702	102755	4322.39	2127.78	den005d.map.scen
896	astar	11748	11888	95983	3632.33	2185	den005d.map.scen
897	astar	10841	10920	88818	3588.58	2063.41	den005d.map.scen
898	astar	15894	16010	129822	4257.99	1994	den005d.map.scen
899	astar	16526	16583	134816	5313.8	2089.41	den005d.map.scen
900	astar	14273	14347	116840	5161.86	1976.53	den005d.map.scen
901	astar	14287	14346	116969	5113.42	2041.78	den005d.map.scen
902	astar	15928	16006	130059	5042.81	2125.61	den005d.map.scen
903	astar	16737	16791	136436	5691.05	2030.16	den005d.map.scen
904	astar	10779	10872	88359	3140.51	2079.54	den005d.map.scen
905	astar	15573	15717	127432	3916.25	2135.09	den005d.map.scen
906	astar	16347	16420	133425	4820.27	2120.14	den005d.map.scen
907	astar	17537	17545	142839	5821.02	2197.09	den005d.map.scen
908	astar	10937	11011	89627	2841.72	2060.3	den005d.map.scen
909	astar	16747	16815	136571	4257.09	2056.68	den005d.map.scen
910	astar	14824	14856	121296	5009.6	2164.04	den005d.map.scen
911	astar	14194	14237	116174	4868.07	1976.18	den005d.map.scen
912	astar	11195	11277	91603	2910.6	2101.95	den005d.map.scen
913	astar	16059	16184	131180	4129.74	2099.82	den005d.map.scen
914	astar	17454	17493	142257	6390.39	2072.79	den005d.map.scen
915	astar	12720	12884	104291	3993.69	2102.92	den005d.map.scen
916	astar	12970	13151	106441	3246.24	2048.25	den005d.map.scen
917	astar	13210	13342	108302	3433.99	2083.55	den005d.map.scen
918	astar	11234	11300	91902	3522.49	2103.65	den005d.map.scen
919	astar	16606	16677	135426	5007.19	2120.84	den005d.map.scen
920	astar	14442	14512	118269	4221.18	2050.54	den005d.map.scen
921	astar	17127	17195	139585	4527.17	2179.59	den005d.map.scen
922	astar	17220	17282	140329	5650.82	2149.62	den005d.map.scen
923	astar	16153	16265	131921	5457.16	2125.41	den005d.map.scen
924	astar	11091	11164	90781	2842.21	2134.62	den005d.map.scen
925	astar	16928	16999	137951	5059.62	2175.74	den005d.map.scen
926	astar	17135	17213	139704	5231.98	2132.01	den005d.map.scen
927	astar	16373	16456	133759	4102.21	2101.64	den005d.map.scen
928	astar	17034	17085	138739	4477.88	2091.46	den005d.map.scen
929	astar	16086	16172	131351	5851.83	2175.32	den005d.map.scen
930	astar	14884	14920	121840	4652.46	2021.93	den005d.map.scen
931	astar	16581	16638	135201	4138.59	2150.36	den005d.map.scen
932	astar	16970	17056	138375	5056.12	2154.76	den005d.map.scen
933	astar	16961	17051	138280	6233.46	2110.41	den005d.map.scen
934	astar	11379	11449	92990	2896.4	2121.99	den005d.map.scen
935	astar	16760	16818	136591	4328.01	2210.89	den005d.map.scen
936	astar	16878	16978	137688	7669.59	2071.29	den005d.map.scen
937	astar	17532	17540	142797	5462.11	2094.82	den005d.map.scen
938	astar	11285	11410	92405	2928.73	2087.24	den005d.map.scen
939	astar	16618	16660	135486	6042.09	2151.42	den005d.map.scen
940	astar	16823	16876	137080	5127.38	2151.89	den005d.map.scen
941	astar	16892	16966	137691	4203.15	2235.65	den005d.map.scen
942	astar	17330	17370	141283	5561.23	2172.19	den005d.map.scen
943	astar	16767	16832	136680	4977.59	2145.85	den005d.map.scen
944	astar	13462	13544	110209	3664.52	2152.12	den005d.map.scen
945	astar	11769	11906	96377	3752.43	2239.79	den005d.map.scen
946	astar	11715	11844	95718	3930.17	2245.65	den005d.map.scen
947	astar	11406	11496	93215	3507.63	2217.96	den005d.map.scen
948	astar	16842	16934	137269	4328.25	2095.18	den005d.map.scen
949	astar	11759	11896	96104	2938.33	2123.16	den005d.map.scen
950	astar	14984	15006	122586	5923.65	2207.79	den005d.map.scen
951	astar	14408	14461	117986	3857.11	2080.48	den005d.map.scen
952	astar	14712	14770	120501	4357.86	2073.09	den005d.map.scen
953	astar	14827	14873	121396	3887.63	2118.17	den005d.map.scen
954	astar	14872	14917	121772	5664.77	2010.43	den005d.map.scen
955	astar	11832	11990	96779	3914.26	2231.86	den005d.map.scen
956	astar	11822	11958	96603	3239.67	2223.74	den005d.map.scen
957	astar	11603	11767	95096	2885.37	2276.14	den005d.map.scen
958	astar	11679	11798	95548	4543.99	2294.54	den005d.map.scen
959	astar	12140	12303	99321	3789.72	2218.61	den005d.map.scen
960	astar	16821	16864	137080	4111.82	2188.49	den005d.map.scen
961	astar	16966	17038	138257	4593.44	2283.08	den005d.map.scen
962	astar	17178	17258	140028	5415.11	2235.5	den005d.map.scen
963	astar	16953	17048	138204	6434.73	2312.32	den005d.map.scen
964	astar	16433	16524	134107	4449.77	2145.6	den005d.map.scen
965	astar	16260	16353	132897	4729.57	2083.69	den005d.map.scen
966	astar	16319	16424	133257	5977.58	2141.51	den005d.map.scen
967	astar	11630	11754	95016	2994.07	2200.67	den005d.map.scen
968	astar	16876	16991	137586	4633.69	2259.14	den005d.map.scen
969	astar	16795	16847	136920	5821.17	2230.15	den005d.map.scen
970	astar	15031	15088	123007	4916.95	2214.28	den005d.map.scen
971	astar	13401	13553	109917	3510.68	2273.22	den005d.map.scen
972	astar	14046	14072	114929	4419.79	2437.37	den005d.map.scen
973	astar	16975	17046	138372	6243.94	2246.87	den005d.map.scen
974	astar	17013	17110	138735	4179.15	2207.22	den005d.map.scen
975	astar	13958	13994	114186	3871.75	2299.15	den005d.map.scen
976	astar	17034	17122	138885	5153.81	2300.85	den005d.map.scen
977	astar	16939	17014	138054	5574.56	2275.63	den005d.map.scen
978	astar	16639	16675	135636	4202.23	2265.05	den005d.map.scen
979	astar	12275	12405	100594	3733.7	2274.99	den005d.map.scen
980	astar	12074	12222	98702	4217.39	2150.83	den005d.map.scen
981	astar	13924	13971	113961	4475.99	2192.02	den005d.map.scen
982	astar	13973	13992	114309	3648.89	2278.25	den005d.map.scen
983	astar	17028	17109	138812	5782.14	2380.39	den005d.map.scen
984	astar	12302	12475	100693	3797.01	2175.92	den005d.map.scen
985	astar	12520	12664	102479	3754.03	2225.15	den005d.map.scen
986	astar	14038	14071	114876	3639.06	2258.89	den005d.map.scen
987	astar	17448	17492	142216	5875.59	2262.45	den005d.map.scen
988	astar	12035	12154	98665	3015.59	2143.11	den005d.map.scen
989	astar	13385	13467	109673	3849.12	2224.7	den005d.map.scen
990	astar	15385	15424	125895	5142.59	2132.08	den005d.map.scen
991	astar	15314	15367	125346	5304.57	2345.22	den005d.map.scen
992	astar	17231	17318	140532	5850.67	2170.26	den005d.map.scen
993	astar	14141	14183	115736	3776.27	2213.76	den005d.map.scen
994	astar	11931	12055	97675	3703.5	2227.24	den005d.map.scen
995	astar	16845	16881	137253	5770.81	2376.99	den005d.map.scen
996	astar	17172	17253	140041	4496.78	2259.86	den005d.map.scen
997	astar	17165	17235	139886	4445.16	2389.72	den005d.map.scen
998	astar	17285	17342	140953	6286.75	2254.31	den005d.map.scen
999	astar	17501	17526	142598	5777.04	2387.28	den005d.map.scen
1000	astar	13941	13990	114064	3605.23	2271.21	den005d.map.scen
1001	astar	17180	17253	140042	6437.71	2229.72	den005d.map.scen
1002	astar	13604	13658	111377	4025.83	2275.85	den005d.map.scen
1003	astar	17159	17238	139948	4502.18	2292.8	den005d.map.scen
1004	astar	17376	17432	141664	5129.51	2320.45	den005d.map.scen
1005	astar	17366	17428	141574	5400.11	2264.22	den005d.map.scen
1006	astar	17492	17510	142503	5148.88	2235.98	den005d.map.scen
1007	astar	15496	15521	126663	4768.37	2296.41	den005d.map.scen
1008	astar	17404	17451	141885	5577.32	2242.09	den005d.map.scen
1009	astar	10681	10788	87169	3118.37	2181.82	den005d.map.scen
1010	astar	13344	13496	109449	3575.31	2270.96	den005d.map.scen
1011	astar	16959	17005	138150	5169.1	2275.19	den005d.map.scen
1012	astar	13015	13138	106794	3986.23	2401.93	den005d.map.scen
1013	astar	12806	12942	105021	4073.7	2279.65	den005d.map.scen
1014	astar	13081	13176	107188	3237.5	2358.48	den005d.map.scen
1015	astar	17370	17439	141631	5481.13	2364.8	den005d.map.scen
1016	astar	12610	12770	103355	4275.53	2207.67	den005d.map.scen
1017	astar	17252	17330	140656	4810.74	2339.56	den005d.map.scen
1018	astar	17313	17380	141115	4510.36	2252.06	den005d.map.scen
1019	astar	15543	15582	127065	5786.27	2269.28	den005d.map.scen
1020	astar	14393	14468	117872	4854.67	2333.8	den005d.map.scen
1021	astar	14436	14520	118239	3577.68	2412.29	den005d.map.scen
1022	astar	14371	14435	117666	4638.48	2360.44	den005d.map.scen
1023	astar	14319	14381	117248	4291.4	2378.9	den005d.map.scen
1024	astar	17550	17557	142923	5942.12	2421.45	den005d.map.scen
1025	astar	15567	15599	127236	4120.78	2239.45	den005d.map.scen
1026	astar	17534	17543	142818	5882.9	2313.25	den005d.map.scen
1027	astar	10980	11061	89604	3286.47	2382.27	den005d.map.scen
1028	astar	15558	15597	127180	4319.54	2268.83	den005d.map.scen
1029	astar	15600	15648	127538	5094	2281.68	den005d.map.scen
1030	astar	14454	14513	118386	4879.62	2394.35	den005d.map.scen
1031	astar	14507	14567	118793	3533.11	2367.01	den005d.map.scen
1032	astar	13363	13434	109408	3255.4	2275.83	den005d.map.scen
1033	astar	17490	17516	142521	5654.94	2319.13	den005d.map.scen
1034	astar	15726	15777	128566	4426.55	2310.21	den005d.map.scen
1035	astar	15675	15716	128136	4392.68	2234.43	den005d.map.scen
1036	astar	17486	17518	142468	4573.02	2415.61	den005d.map.scen
1037	astar	11082	11186	90483	3526.8	2415.52	den005d.map.scen
1038	astar	15838	15877	129472	5505.94	2339.83	den005d.map.scen
1039	astar	11514	11589	94053	2891.12	2442.03	den005d.map.scen
1040	astar	15731	15791	128643	3999.83	2381.45	den005d.map.scen
1041	astar	14290	14350	116993	5480.92	2481.43	den005d.map.scen
1042	astar	15848	15907	129553	5934.74	2307.49	den005d.map.scen
1043	astar	15734	15795	128666	3959.11	2265.56	den005d.map.scen
1044	astar	15750	15820	128756	4796.35	2432.28	den005d.map.scen
1045	astar	11649	11738	95264	3492.28	2346.4	den005d.map.scen
1046	astar	15441	15471	126294	4401.48	2345.82	den005d.map.scen
1047	astar	15733	15789	128655	3913.86	2399.63	den005d.map.scen
1048	astar	15727	15781	128565	5176.83	2342.53	den005d.map.scen
1049	astar	11747	11810	96002	3560.12	2443.48	den005d.map.scen
1050	astar	14616	14670	119694	4551.9	2466.28	den005d.map.scen
1051	astar	14714	14775	120520	4032.99	2312.8	den005d.map.scen
1052	astar	13773	13841	112771	4878.21	2356.08	den005d.map.scen
1053	astar	13839	13881	113264	4056.41	2350.87	den005d.map.scen
1054	astar	13782	13848	112805	3396.18	2402.44	den005d.map.scen
1055	astar	15564	15606	127236	3920.5	2368.11	den005d.map.scen
1056	astar	15765	15811	128886	5741.37	2359.89	den005d.map.scen
1057	astar	15723	15769	128525	4681.05	2266.76	den005d.map.scen
1058	astar	11552	11629	94525	2996.34	2355.27	den005d.map.scen
1059	astar	15786	15852	129067	4113.84	2388.89	den005d.map.scen
1060	astar	16076	16118	131388	5880.06	2365.95	den005d.map.scen
1061	astar	14793	14844	121137	5398.31	2363.18	den005d.map.scen
1062	astar	13930	13950	113943	3609.35	2458.29	den005d.map.scen
1063	astar	13895	13925	113666	4002.2	2490.37	den005d.map.scen
1064	astar	15980	16047	130656	5313.35	2384.26	den005d.map.scen
1065	astar	15653	15712	128003	4837.82	2278.02	den005d.map.scen
1066	astar	15974	16055	130599	4448.48	2411.31	den005d.map.scen
1067	astar	16005	16058	130829	7028.6	2513.02	den005d.map.scen
1068	astar	15859	15924	129714	5111.52	2440.59	den005d.map.scen
1069	astar	11790	11881	96342	2893.41	2476.89	den005d.map.scen
1070	astar	14922	14943	122073	4357.27	2522.06	den005d.map.scen
1071	astar	14900	14941	121978	4363.4	2419.94	den005d.map.scen
1072	astar	13880	13925	113583	4726.69	2442.83	den005d.map.scen
1073	astar	15865	15915	129654	4543.49	2451.67	den005d.map.scen
1074	astar	15843	15888	129538	6396.39	2366.56	den005d.map.scen
1075	astar	11816	11932	96555	3469.53	2415.94	den005d.map.scen
1076	astar	16193	16231	132347	4161.14	2347.4	den005d.map.scen
1077	astar	12066	12119	98577	3131.67	2493.32	den005d.map.scen
1078	astar	12149	12217	99312	5099.93	2355.6	den005d.map.scen
1079	astar	12026	12128	98373	4213.56	2406.63	den005d.map.scen
1080	astar	15784	15832	129058	4170.19	2356.37	den005d.map.scen
1081	astar	15988	16050	130752	4579.62	2468.18	den005d.map.scen
1082	astar	16008	16063	130883	5100.46	2412.91	den005d.map.scen
1083	astar	14588	14649	119475	4401.75	2462.98	den005d.map.scen
1084	astar	13951	13992	114180	3504.14	2412.79	den005d.map.scen
1085	astar	13996	14024	114512	4134.72	2392.53	den005d.map.scen
1086	astar	16241	16288	132730	4888.11	2543.6	den005d.map.scen
1087	astar	15812	15858	129321	5435.48	2425.61	den005d.map.scen
1088	astar	15968	16040	130555	4517.94	2458	den005d.map.scen
1089	astar	16091	16144	131548	5095.91	2353.26	den005d.map.scen
1090	astar	15883	15953	129858	4636.04	2392.14	den005d.map.scen
1091	astar	15930	16001	130225	4176.98	2441.48	den005d.map.scen
1092	astar	14530	14603	118995	4746.52	2490.25	den005d.map.scen
1093	astar	14128	14162	115619	4206.97	2461.72	den005d.map.scen
1094	astar	15935	16002	130301	3936.85	2407.87	den005d.map.scen
1095	astar	16354	16372	133510	4176.29	2411.95	den005d.map.scen
1096	astar	16275	16307	132944	7230.15	2563.12	den005d.map.scen
1097	astar	16302	16327	133154	5049.31	2489.83	den005d.map.scen
1098	astar	12272	12327	100306	3021.71	2411.19	den005d.map.scen
1099	astar	12353	12368	100929	3322.61	2438.57	den005d.map.scen
1100	astar	16329	16359	133361	5445.42	2403.86	den005d.map.scen
1101	astar	15369	15406	125731	4530.67	2461.47	den005d.map.scen
1102	astar	14129	14152	115644	3569.83	2508.65	den005d.map.scen
1103	astar	14228	14272	116456	4044.6	2647.87	den005d.map.scen
1104	astar	14122	14151	115563	4526.41	2531.1	den005d.map.scen
1105	astar	16190	16247	132396	5152.77	2433.4	den005d.map.scen
1106	astar	16278	16318	132996	4022.44	2404.24	den005d.map.scen
1107	astar	12387	12405	101154	3556.78	2630.79	den005d.map.scen
1108	astar	12386	12411	101189	3979.74	2463.71	den005d.map.scen
1109	astar	12490	12536	102007	3004.2	2463.4	den005d.map.scen
1110	astar	15066	15124	123296	4041.57	2599.28	den005d.map.scen
1111	astar	15147	15219	123969	4470.74	2589.08	den005d.map.scen
1112	astar	14076	14103	115182	4452.35	2432.81	den005d.map.scen
1113	astar	16255	16298	132788	5088.22	2575.28	den005d.map.scen
1114	astar	16217	16259	132502	5121.87	2453.09	den005d.map.scen
1115	astar	12431	12472	101536	4449.07	2488.18	den005d.map.scen
1116	astar	12511	12562	102193	4142.75	2634.66	den005d.map.scen
1117	astar	12442	12481	101601	3484.7	2590.19	den005d.map.scen
1118	astar	12380	12394	101108	3156.41	2546.99	den005d.map.scen
1119	astar	12450	12485	101663	4051.17	2613.31	den005d.map.scen
1120	astar	15350	15391	125628	5640.3	2545.19	den005d.map.scen
1121	astar	14756	14831	120884	5009.29	2545.62	den005d.map.scen
1122	astar	14350	14406	117500	3871.9	2559.17	den005d.map.scen
1123	astar	14294	14360	117016	4348.09	2472.29	den005d.map.scen
1124	astar	14289	14347	116996	3939.9	2589.29	den005d.map.scen
1125	astar	14126	14167	115583	3907.11	2556.78	den005d.map.scen
1126	astar	12522	12565	102275	3189.65	2521.67	den005d.map.scen
1127	astar	12544	12592	102455	4842.85	2571.22	den005d.map.scen
1128	astar	12600	12651	102942	4360.33	2696.89	den005d.map.scen
1129	astar	12470	12504	101828	3571.35	2620.91	den005d.map.scen
1130	astar	15384	15424	125903	4306.84	2602.02	den005d.map.scen
1131	astar	14388	14441	117815	5917.6	2599.28	den005d.map.scen
1132	astar	14414	14486	118054	4910.1	2566.61	den005d.map.scen
1133	astar	14441	14525	118252	4470.46	2447.74	den005d.map.scen
1134	astar	14241	14280	116575	5418.26	2595.8	den005d.map.scen
1135	astar	14216	14279	116372	4828.76	2566.75	den005d.map.scen
1136	astar	12643	12679	103279	3417.09	2509.46	den005d.map.scen
1137	astar	12704	12744	103806	3637.29	2622.34	den005d.map.scen
1138	astar	12648	12682	103319	5447.26	2642.24	den005d.map.scen
1139	astar	16612	16654	135559	5005.74	2600.37	den005d.map.scen
1140	astar	16631	16672	135709	4280.12	2580.04	den005d.map.scen
1141	astar	16635	16677	135755	5848.03	2617.64	den005d.map.scen
1142	astar	15541	15575	127026	5996.67	2610.41	den005d.map.scen
1143	astar	14407	14475	117989	3906.86	2465.05	den005d.map.scen
1144	astar	14348	14420	117494	4398.98	2565.19	den005d.map.scen
1145	astar	16560	16582	135122	6767.56	2729.55	den005d.map.scen
1146	astar	16657	16691	135934	4565.3	2541.08	den005d.map.scen
1147	astar	12703	12744	103783	3473.12	2547.31	den005d.map.scen
1148	astar	12681	12712	103584	4648.01	2483.07	den005d.map.scen
1149	astar	12662	12706	103462	4685.56	2567.93	den005d.map.scen
1150	astar	15504	15529	126719	4961.71	2754.03	den005d.map.scen
1151	astar	14694	14723	120281	4686.62	2582.64	den005d.map.scen
1152	astar	14585	14640	119397	5280.63	2615.45	den005d.map.scen
1153	astar	16555	16578	135070	5090.31	2568.83	den005d.map.scen
1154	astar	16589	16621	135368	6034.75	2597.66	den005d.map.scen
1155	astar	16662	16706	135994	5402.3	2599	den005d.map.scen
1156	astar	12879	12905	105235	4015.92	2676.06	den005d.map.scen
1157	astar	16758	16808	136810	4479.78	2664.53	den005d.map.scen
1158	astar	12954	12995	105853	5016.94	2613.96	den005d.map.scen
1159	astar	12700	12731	103766	4335.52	2504.97	den005d.map.scen
1160	astar	14695	14765	120397	3980.71	2637.83	den005d.map.scen
1161	astar	14774	14840	121025	4153.83	2634.61	den005d.map.scen
1162	astar	15711	15749	128420	7059	2636.74	den005d.map.scen
1163	astar	14733	14784	120641	4945.47	2631.73	den005d.map.scen
1164	astar	14581	14637	119402	3977.61	2623.08	den005d.map.scen
1165	astar	16850	16895	137570	7105.35	2767.93	den005d.map.scen
1166	astar	16785	16823	137019	5762.44	2687.45	den005d.map.scen
1167	astar	12793	12843	104544	3572.24	2610.29	den005d.map.scen
1168	astar	16878	16926	137812	6767.38	2738.18	den005d.map.scen
1169	astar	16588	16619	135340	5273.55	2648.41	den005d.map.scen
1170	astar	15594	15631	127464	4175.99	2705.85	den005d.map.scen
1171	astar	15575	15621	127339	5003.63	2587.43	den005d.map.scen
1172	astar	16730	16782	136573	6064.33	2553.43	den005d.map.scen
1173	astar	16547	16552	134998	5971.79	2579.39	den005d.map.scen
1174	astar	16629	16668	135705	11446.2	2545.93	den005d.map.scen
1175	astar	16763	16811	136833	6389.1	2527.93	den005d.map.scen
1176	astar	12937	12969	105701	5130.87	2737.38	den005d.map.scen
1177	astar	12967	13012	105968	4298.16	2655.45	den005d.map.scen
1178	astar	12933	12962	105683	3630.75	2747.14	den005d.map.scen
1179	astar	12980	13023	106071	11367.7	2800.96	den005d.map.scen
1180	astar	16623	16671	135655	9528.1	2678.38	den005d.map.scen
1181	astar	16831	16872	137402	8265.96	2715.53	den005d.map.scen
1182	astar	14994	15027	122647	4300.74	2796.12	den005d.map.scen
1183	astar	14777	14854	121021	13621.3	2709.95	den005d.map.scen
1184	astar	16848	16892	137574	9099.78	2664.6	den005d.map.scen
1185	astar	16609	16646	135537	7084.94	2682.65	den005d.map.scen
1186	astar	16758	16808	136806	8472.79	2664.29	den005d.map.scen
1187	astar	12967	12997	105976	6777.3	2748.12	den005d.map.scen
1188	astar	13151	13221	107548	3756.01	2728.96	den005d.map.scen
1189	astar	13063	13118	106785	8316.35	2732.95	den005d.map.scen
1190	astar	16616	16657	135600	5650.48	2717.42	den005d.map.scen
1191	astar	15522	15564	126919	4378.83	2707.06	den005d.map.scen
1192	astar	15768	15835	128930	7125	2615.29	den005d.map.scen
1193	astar	15098	15165	123561	4908.05	2746.12	den005d.map.scen
1194	astar	15710	15757	128450	5135.4	2711.15	den005d.map.scen
1195	astar	15104	15165	123617	6712.3	2753.47	den005d.map.scen
1196	astar	15928	15989	130226	5721.9	2651.56	den005d.map.scen
1197	astar	15003	15052	122764	7645.75	2707.5	den005d.map.scen
1198	astar	14967	15003	122462	5504.29	2709.9	den005d.map.scen
1199	astar	14862	14897	121695	4113.6	2661.98	den005d.map.scen
1200	astar	16625	16670	135660	8317.71	2803.18	den005d.map.scen
1201	astar	16023	16075	130960	4776.94	2716.11	den005d.map.scen
1202	astar	16024	16086	131045	4975.16	2858.19	den005d.map.scen
1203	astar	16259	16299	132822	7866.09	2736.68	den005d.map.scen
1204	astar	15097	15152	123541	5089.79	2705.32	den005d.map.scen
1205	astar	16851	16901	137572	5451.01	2638.11	den005d.map.scen
1206	astar	16951	17008	138406	8138.8	2829.15	den005d.map.scen
1207	astar	16879	16921	137813	4785.85	2752.53	den005d.map.scen
1208	astar	17124	17170	139772	7722.9	2697.46	den005d.map.scen
1209	astar	17075	17131	139429	6613.23	2772.56	den005d.map.scen
1210	astar	16839	16896	137490	4491.13	2821.9	den005d.map.scen
1211	astar	16956	17010	138418	8952.94	2667.25	den005d.map.scen
1212	astar	15276	15326	125010	4234.01	2859.56	den005d.map.scen
1213	astar	17098	17181	139661	7670.67	2757.08	den005d.map.scen
1214	astar	17158	17198	140048	5766.68	2724.33	den005d.map.scen
1215	astar	17119	17164	139779	4611.87	2854.85	den005d.map.scen
1216	astar	13026	13080	106457	6496.55	2860.23	den005d.map.scen
1217	astar	17175	17226	140189	6027.28	2650.03	den005d.map.scen
1218	astar	17292	17326	141063	6253.89	2812.15	den005d.map.scen
1219	astar	13209	13285	108033	7675.72	2730.54	den005d.map.scen
1220	astar	17238	17285	140682	5012.23	2761.38	den005d.map.scen
1221	astar	16318	16356	133260	9074.09	2749.99	den005d.map.scen
1222	astar	15164	15231	124106	6477.05	2832.78	den005d.map.scen
1223	astar	15065	15130	123306	5901.26	2856.89	den005d.map.scen
1224	astar	16884	16930	137845	8616.62	2858.95	den005d.map.scen
1225	astar	14047	14147	115046	3707.37	2773.86	den005d.map.scen
1226	astar	13290	13373	108724	5044.66	2821.96	den005d.map.scen
1227	astar	13597	13681	111327	7288.33	2756.63	den005d.map.scen
1228	astar	13439	13521	109985	3786.23	2787.37	den005d.map.scen
1229	astar	13703	13792	112263	5690.13	2666.73	den005d.map.scen
1230	astar	17208	17260	140481	7343.49	2831.89	den005d.map.scen
1231	astar	16379	16415	133762	4583.77	2909.32	den005d.map.scen
1232	astar	16395	16432	133830	8952.28	2770.21	den005d.map.scen
1233	astar	15449	15461	126317	5935.65	2865.57	den005d.map.scen
1234	astar	15276	15344	125055	8384.43	2744.49	den005d.map.scen
1235	astar	17389	17412	141810	7273.02	2831.77	den005d.map.scen
1236	astar	17370	17396	141668	6975.85	2788.64	den005d.map.scen
1237	astar	17354	17384	141529	8878.46	2778.7	den005d.map.scen
1238	astar	17425	17453	142065	5276.3	2925.63	den005d.map.scen
1239	astar	13942	14055	114231	5398.68	2739.59	den005d.map.scen
1240	astar	16413	16438	133949	5805.01	2885.17	den005d.map.scen
1241	astar	17156	17208	140053	5415.21	2865.22	den005d.map.scen
1242	astar	13334	13397	109088	5811.23	2854.17	den005d.map.scen
1243	astar	14152	14259	115845	3973.64	2876.19	den005d.map.scen
1244	astar	14004	14134	114736	3989.23	2880.36	den005d.map.scen
1245	astar	13563	13648	111083	4627.66	2800.03	den005d.map.scen
1246	astar	13921	14014	114057	4871.06	2834.87	den005d.map.scen
1247	astar	14140	14254	115843	4211.43	2754.27	den005d.map.scen
1248	astar	14228	14289	116444	4175.87	2860.99	den005d.map.scen
1249	astar	13773	13882	112713	5102.48	2828.48	den005d.map.scen
1250	astar	15512	15550	126790	4754.04	2887.73	den005d.map.scen
1251	astar	16504	16524	134710	4243.03	2870.09	den005d.map.scen
1252	astar	16489	16514	134588	7501.97	2917.56	den005d.map.scen
1253	astar	15502	15531	126711	5557.03	2914.26	den005d.map.scen
1254	astar	15465	15479	126427	4026.76	2861.28	den005d.map.scen
1255	astar	17492	17518	142563	6287.36	2867.64	den005d.map.scen
1256	astar	17366	17401	141634	5811.8	2842.64	den005d.map.scen
1257	astar	17428	17451	142103	4570.89	2847.41	den005d.map.scen
1258	astar	17065	17136	139303	5358.4	2867.66	den005d.map.scen
1259	astar	13240	13306	108280	5118.32	2921.82	den005d.map.scen
1260	astar	17447	17471	142220	5472.85	2894.25	den005d.map.scen
1261	astar	15658	15704	127996	4748.46	2943.9	den005d.map.scen
1262	astar	15528	15558	126918	6138.14	2820.47	den005d.map.scen
1263	astar	15567	15601	127230	4504.64	2859.37	den005d.map.scen
1264	astar	17557	17558	142962	5397.69	2954.66	den005d.map.scen
1265	astar	17480	17503	142446	5901.71	2996.71	den005d.map.scen
1266	astar	17385	17422	141828	4837.78	2896.51	den005d.map.scen
1267	astar	14389	14444	117693	4096.03	2905.11	den005d.map.scen
1268	astar	13967	14085	114479	5847.4	2895.41	den005d.map.scen
1269	astar	14379	14414	117566	4429.45	2917.18	den005d.map.scen
1270	astar	15754	15807	128838	4039.08	2877.11	den005d.map.scen
1271	astar	16548	16556	135008	5671.75	2955.6	den005d.map.scen
1272	astar	15725	15786	128561	5668.2	2947.61	den005d.map.scen
1273	astar	15544	15585	127057	3998.6	2895.61	den005d.map.scen
1274	astar	15587	15646	127441	5454.95	2847.53	den005d.map.scen
1275	astar	17375	17404	141718	5136.28	2845.82	den005d.map.scen
1276	astar	17391	17424	141841	5275.8	2836.4	den005d.map.scen
1277	astar	17408	17434	141943	5121.35	2858.23	den005d.map.scen
1278	astar	14577	14643	119226	8945.78	2959.28	den005d.map.scen
1279	astar	14468	14537	118360	3612.37	2924.85	den005d.map.scen
1280	astar	15858	15920	129699	5079.18	2994.19	den005d.map.scen
1281	astar	15729	15776	128551	4770.4	2955.92	den005d.map.scen
1282	astar	15801	15842	129185	4997.11	2922.32	den005d.map.scen
1283	astar	15841	15899	129526	4986.99	2880.8	den005d.map.scen
1284	astar	15753	15809	128823	6446.97	3029.75	den005d.map.scen
1285	astar	14620	14659	119483	4291.38	2892.52	den005d.map.scen
1286	astar	14805	14864	120971	4118.99	2934.9	den005d.map.scen
1287	astar	14746	14804	120500	5540.03	2909.69	den005d.map.scen
1288	astar	14719	14763	120267	4554.17	3047.02	den005d.map.scen
1289	astar	14574	14623	119154	3663.44	3024.46	den005d.map.scen
1290	astar	16611	16649	135544	5310.31	2993.45	den005d.map.scen
1291	astar	15929	15991	130278	5656.19	2905.96	den005d.map.scen
1292	astar	16692	16736	136253	5001.16	2971.83	den005d.map.scen
1293	astar	16011	16062	130865	5138.84	2994.21	den005d.map.scen
1294	astar	15759	15822	128856	8052.38	2968.49	den005d.map.scen
1295	astar	14709	14753	120187	4034.68	2942.41	den005d.map.scen
1296	astar	14675	14740	119945	4623.89	2928.3	den005d.map.scen
1297	astar	14682	14717	119965	8279.2	3082.81	den005d.map.scen
1298	astar	14649	14716	119744	3950.29	3017.6	den005d.map.scen
1299	astar	14577	14622	119190	4818.38	2924.43	den005d.map.scen
1300	astar	16710	16762	136388	5191.88	3060	den005d.map.scen
1301	astar	16173	16208	132189	4970.11	3108.87	den005d.map.scen
1302	astar	16105	16166	131694	5524.03	3032.21	den005d.map.scen
1303	astar	16052	16126	131237	6501.87	2955.57	den005d.map.scen
1304	astar	15944	16001	130348	5773.59	3091.64	den005d.map.scen
1305	astar	14521	14565	118713	5030.88	2926.7	den005d.map.scen
1306	astar	14641	14705	119717	5443.13	2916.22	den005d.map.scen
1307	astar	14908	14966	121793	4452.11	3088.97	den005d.map.scen
1308	astar	14534	14584	118859	4353.28	2914.07	den005d.map.scen
1309	astar	14783	14825	120762	7188.33	2977.77	den005d.map.scen
1310	astar	16556	16570	135073	5076.34	3022.61	den005d.map.scen
1311	astar	16734	16785	136608	5234.91	2956.94	den005d.map.scen
1312	astar	16102	16161	131669	5787.93	2976.42	den005d.map.scen
1313	astar	15846	15924	129602	5080.42	2963.25	den005d.map.scen
1314	astar	16668	16703	136013	5063.9	2906.95	den005d.map.scen
1315	astar	14777	14836	120739	5249.43	2881.1	den005d.map.scen
1316	astar	14780	14829	120761	5164.27	3056.46	den005d.map.scen
1317	astar	15094	15152	123306	4310.58	3029.18	den005d.map.scen
1318	astar	14909	14942	121781	4513.34	3063.18	den005d.map.scen
1319	astar	15060	15110	123015	5320.24	2989.86	den005d.map.scen
1320	astar	16849	16890	137540	5017.29	3007.76	den005d.map.scen
1321	astar	16329	16350	133328	5231.18	3015.21	den005d.map.scen
1322	astar	16099	16143	131603	6668.61	3016.75	den005d.map.scen
1323	astar	16240	16279	132704	4674.71	2980.48	den005d.map.scen
1324	astar	16310	16334	133216	5289.11	2996.57	den005d.map.scen
1325	astar	15297	15346	124913	5924.8	2984.38	den005d.map.scen
1326	astar	15083	15151	123219	4253.61	3079.32	den005d.map.scen
1327	astar	15173	15242	123939	4063.8	3128.55	den005d.map.scen
1328	astar	14797	14837	120906	6232.27	2986.76	den005d.map.scen
1329	astar	15220	15283	124327	4933.23	2971.21	den005d.map.scen
1330	astar	16446	16472	134207	4223.32	3093.79	den005d.map.scen
1331	astar	16870	16913	137728	6005.25	3060.4	den005d.map.scen
1332	astar	16960	17003	138465	5434.53	2948.71	den005d.map.scen
1333	astar	16322	16351	133303	4161.16	3022.94	den005d.map.scen
1334	astar	16148	16197	132004	5568.83	3042.8	den005d.map.scen
1335	astar	16075	16158	131510	5268.93	3029.29	den005d.map.scen
1336	astar	16022	16081	131002	5456.81	2995.65	den005d.map.scen
1337	astar	14924	14987	121927	4964.34	3089.76	den005d.map.scen
1338	astar	15113	15168	123457	5269.12	3036.11	den005d.map.scen
1339	astar	15286	15371	124858	4724.15	3097.29	den005d.map.scen
1340	astar	17140	17193	139891	5224.07	3067.62	den005d.map.scen
1341	astar	17145	17195	139949	6927.61	3084.93	den005d.map.scen
1342	astar	16372	16417	133674	4868.98	3137.45	den005d.map.scen
1343	astar	17195	17234	140332	4753.54	3050.02	den005d.map.scen
1344	astar	15129	15190	123592	6034.17	3040.91	den005d.map.scen
1345	astar	15083	15135	123212	4475.29	3102.89	den005d.map.scen
1346	astar	15171	15239	123926	3979.94	3221.33	den005d.map.scen
1347	astar	15250	15333	124561	6827.82	3018.87	den005d.map.scen
1348	astar	15277	15341	124766	4726.82	3160.22	den005d.map.scen
1349	astar	15231	15308	124405	4027.63	3034	den005d.map.scen
1350	astar	16440	16476	134211	5091.79	3037.9	den005d.map.scen
1351	astar	15401	15460	125749	4605.26	3079.32	den005d.map.scen
1352	astar	15104	15174	123392	4978.92	3152.16	den005d.map.scen
1353	astar	15513	15608	126680	4358.73	3208.8	den005d.map.scen
1354	astar	15359	15436	125437	6478.35	3063.24	den005d.map.scen
1355	astar	15433	15509	126003	5461.78	3152.62	den005d.map.scen
1356	astar	15125	15183	123544	4065.19	3222.26	den005d.map.scen
1357	astar	15290	15361	124877	6880.79	3087.73	den005d.map.scen
1358	astar	15464	15522	126264	4666.74	3254.36	den005d.map.scen
1359	astar	15068	15133	123104	4571.95	3147.31	den005d.map.scen
1360	astar	17359	17387	141576	7386.42	3194.84	den005d.map.scen
1361	astar	16464	16501	134382	4999.29	3068.53	den005d.map.scen
1362	astar	15402	15486	125778	4254.32	3059.01	den005d.map.scen
1363	astar	15537	15644	126899	6377.53	3054.87	den005d.map.scen
1364	astar	15750	15856	128587	5000.52	3125.27	den005d.map.scen
1365	astar	15467	15540	126272	3872.73	3177.12	den005d.map.scen
1366	astar	15636	15753	127729	6182.3	3288.53	den005d.map.scen
1367	astar	15633	15733	127643	5322.1	3030.36	den005d.map.scen
1368	astar	15603	15681	127449	4210.63	3134.93	den005d.map.scen
1369	astar	15454	15557	126203	6761.81	3092.54	den005d.map.scen
1370	astar	17289	17315	141015	6754.56	3218.31	den005d.map.scen
1371	astar	17207	17261	140437	5529	3126.76	den005d.map.scen
1372	astar	17273	17320	140965	6454.94	3159.79	den005d.map.scen
1373	astar	16518	16535	134818	5035	3075.19	den005d.map.scen
1374	astar	15659	15780	127891	4929.63	3035.57	den005d.map.scen
1375	astar	15352	15434	125377	5880.01	3148.43	den005d.map.scen
1376	astar	15616	15701	127579	5077.39	3155.57	den005d.map.scen
1377	astar	15395	15468	125735	3993.7	3125.66	den005d.map.scen
1378	astar	15839	15942	129335	7145.38	3256.99	den005d.map.scen
1379	astar	15910	15988	129927	5236	3330.1	den005d.map.scen
1380	astar	16598	16636	135439	4550.75	3221.33	den005d.map.scen
1381	astar	16590	16618	135364	6686.61	3040.48	den005d.map.scen
1382	astar	17304	17355	141230	6601.72	3118.45	den005d.map.scen
1383	astar	16583	16617	135298	4429.15	3211.12	den005d.map.scen
1384	astar	15434	15526	126067	7455.57	3203.76	den005d.map.scen
1385	astar	15860	15934	129453	5861.91	3290.27	den005d.map.scen
1386	astar	16119	16234	131633	4663.78	3154.02	den005d.map.scen
1387	astar	16128	16246	131690	6844.27	3165.93	den005d.map.scen
1388	astar	15628	15742	127673	4674.64	3187.8	den005d.map.scen
1389	astar	16084	16197	131331	4306.31	3214.09	den005d.map.scen
1390	astar	17503	17531	142638	6809.41	3402.24	den005d.map.scen
1391	astar	16719	16772	136481	5214.86	3244.38	den005d.map.scen
1392	astar	15478	15572	126430	4321.38	3213.18	den005d.map.scen
1393	astar	15926	16028	130076	5916.39	3096.77	den005d.map.scen
1394	astar	16051	16164	131040	4983.93	3198.88	den005d.map.scen
1395	astar	15488	15562	126481	4113.8	3074.61	den005d.map.scen
1396	astar	16283	16336	132837	6393.91	3175.61	den005d.map.scen
1397	astar	16392	16473	133784	5134.14	3194.44	den005d.map.scen
1398	astar	16347	16437	133449	4297.44	3202.77	den005d.map.scen
1399	astar	15700	15801	128246	7734.31	3193	den005d.map.scen
1400	astar	17518	17541	142723	6785.2	3227.71	den005d.map.scen
1401	astar	16752	16800	136753	4745.06	3039.55	den005d.map.scen
1402	astar	16736	16791	136612	7586.33	3257.74	den005d.map.scen
1403	astar	16740	16778	136635	4202.32	3143.86	den005d.map.scen
1404	astar	16712	16751	136412	5528.57	3250.91	den005d.map.scen
1405	astar	15552	15659	127081	5821.43	3184.84	den005d.map.scen
1406	astar	16067	16128	131160	4618.25	3262.92	den005d.map.scen
1407	astar	15525	15614	126849	4353.92	3283.73	den005d.map.scen
1408	astar	16125	16229	131640	6690.49	3142.02	den005d.map.scen
1409	astar	16197	16277	132223	5423.91	3156.77	den005d.map.scen
1410	astar	16827	16874	137374	6500.28	3332.99	den005d.map.scen
1411	astar	17538	17545	142889	6089.14	3306.51	den005d.map.scen
1412	astar	16289	16362	132974	5173.63	3211.41	den005d.map.scen
1413	astar	16500	16548	134558	6655.6	3249.19	den005d.map.scen
1414	astar	15851	15907	129341	6895.68	3297.28	den005d.map.scen
1415	astar	16468	16513	134274	5360.11	3310.03	den005d.map.scen
1416	astar	16510	16551	134640	6611.66	3233.15	den005d.map.scen
1417	astar	15818	15926	129125	5392.56	3181	den005d.map.scen
1418	astar	16590	16627	135258	4169.82	3250.88	den005d.map.scen
1419	astar	16409	16462	133857	6976.81	3291.8	den005d.map.scen
1420	astar	16871	16919	137746	6106.78	3229.77	den005d.map.scen
1421	astar	16812	16859	137269	4779.06	3252.74	den005d.map.scen
1422	astar	16351	16426	133480	6468.74	3149.75	den005d.map.scen
1423	astar	16585	16655	135256	5925.38	3411.3	den005d.map.scen
1424	astar	16719	16774	136244	4455.21	3153.8	den005d.map.scen
1425	astar	16725	16774	136268	6188.1	3379.29	den005d.map.scen
1426	astar	16399	16480	133799	6121.72	3165.3	den005d.map.scen
1427	astar	16766	16813	136622	6157.54	3293.54	den005d.map.scen
1428	astar	16715	16767	136213	6474.52	3213.74	den005d.map.scen
1429	astar	16560	16647	135102	4605.74	3288.98	den005d.map.scen
1430	astar	16955	17006	138449	5567.69	3297.57	den005d.map.scen
1431	astar	16962	17015	138500	6654.94	3200.32	den005d.map.scen
1432	astar	16698	16769	136134	4499.58	3243.6	den005d.map.scen
1433	astar	16650	16713	135708	6269.92	3180.38	den005d.map.scen
1434	astar	16618	16677	135487	6684.6	3304.67	den005d.map.scen
1435	astar	16829	16903	137132	4555.95	3350.66	den005d.map.scen
1436	astar	16638	16704	135697	7504.95	3327.55	den005d.map.scen
1437	astar	16550	16613	135009	5833.6	3337.3	den005d.map.scen
1438	astar	16708	16769	136198	4577.24	3314.34	den005d.map.scen
1439	astar	16806	16886	137006	6545.65	3281.12	den005d.map.scen
1440	astar	16982	17030	138639	5842.07	3234.73	den005d.map.scen
1441	astar	17030	17059	138973	4906.86	3504.69	den005d.map.scen
1442	astar	16968	17013	138535	7942.1	3296.09	den005d.map.scen
1443	astar	17022	17048	138933	4744.46	3347.81	den005d.map.scen
1444	astar	16515	16577	134652	4865.26	3263.76	den005d.map.scen
1445	astar	16723	16777	136316	6296.2	3299.4	den005d.map.scen
1446	astar	16959	17045	138220	4887.82	3404	den005d.map.scen
1447	astar	16998	17074	138553	5340.71	3241.19	den005d.map.scen
1448	astar	17066	17153	139123	7133.48	3343.83	den005d.map.scen
1449	astar	16363	16417	133450	4244.51	3268.67	den005d.map.scen
1450	astar	17232	17265	140619	4548.02	3251.41	den005d.map.scen
1451	astar	17151	17209	140039	6701.28	3198.03	den005d.map.scen
1452	astar	16759	16805	136594	4981.17	3428.97	den005d.map.scen
1453	astar	16723	16803	136327	4213.51	3341.9	den005d.map.scen
1454	astar	16890	16972	137651	5670.25	3284.6	den005d.map.scen
1455	astar	16727	16795	136393	7613.71	3281.95	den005d.map.scen
1456	astar	16705	16797	136249	5389.6	3339.96	den005d.map.scen
1457	astar	16833	16873	137189	5608.03	3406.96	den005d.map.scen
1458	astar	16829	16901	137158	5013.82	3501.04	den005d.map.scen
1459	astar	16744	16817	136513	4376.03	3319.15	den005d.map.scen
1460	astar	17240	17294	140692	6948.88	3399.57	den005d.map.scen
1461	astar	17397	17422	141858	4731.68	3375.01	den005d.map.scen
1462	astar	17303	17335	141128	4835.26	3480.05	den005d.map.scen
1463	astar	17113	17162	139690	6408.81	3216.66	den005d.map.scen
1464	astar	16798	16865	136969	5151.62	3311.99	den005d.map.scen
1465	astar	16823	16889	137067	4406.22	3357.7	den005d.map.scen
1466	astar	17197	17293	140215	6063.85	3376.18	den005d.map.scen
1467	astar	17061	17110	138960	5592.78	3328.27	den005d.map.scen
1468	astar	16763	16838	136627	4628.64	3217.34	den005d.map.scen
1469	astar	16965	17067	138349	6632.08	3335.64	den005d.map.scen
1470	astar	17369	17404	141693	5717.2	3337.4	den005d.map.scen
1471	astar	17358	17387	141617	4745.3	3310.53	den005d.map.scen
1472	astar	17041	17138	138935	6275.4	3432.88	den005d.map.scen
1473	astar	17013	17066	138579	5500.89	3270.65	den005d.map.scen
1474	astar	17157	17222	139823	4254.62	3295.25	den005d.map.scen
1475	astar	17061	17148	139057	6064.75	3401.76	den005d.map.scen
1476	astar	17306	17359	141120	6082.3	3314.16	den005d.map.scen
1477	astar	17207	17302	140322	4808.28	3374.99	den005d.map.scen
1478	astar	17411	17458	141938	10348.9	3313.67	den005d.map.scen
1479	astar	16881	16913	137548	4289	3418.9	den005d.map.scen
1480	astar	17377	17402	141727	5860.61	3274.02	den005d.map.scen
1481	astar	17321	17384	141206	5503.63	3493.72	den005d.map.scen
1482	astar	17063	17164	139123	4682.71	3301.18	den005d.map.scen
1483	astar	17189	17268	140115	4950.12	3309.8	den005d.map.scen
1484	astar	17078	17176	139254	7759.12	3496.57	den005d.map.scen
1485	astar	17078	17162	139201	4698.84	3432.28	den005d.map.scen
1486	astar	16850	16935	137339	5322.07	3381.44	den005d.map.scen
1487	astar	17238	17306	140567	6193.58	3449.67	den005d.map.scen
1488	astar	17420	17459	141973	4547.92	3256.77	den005d.map.scen
1489	astar	17108	17196	139492	5881.97	3357.39	den005d.map.scen
1490	astar	17465	17486	142316	5526.86	3477.86	den005d.map.scen
1491	astar	17460	17497	142285	6011.48	3531.17	den005d.map.scen
1492	astar	17184	17294	140170	6254.36	3501.09	den005d.map.scen
1493	astar	17264	17343	140786	5430.14	3538.19	den005d.map.scen
1494	astar	17111	17215	139546	4299.55	3394	den005d.map.scen
1495	astar	17114	17193	139556	5875.83	3295.67	den005d.map.scen
1496	astar	17185	17260	140144	5211.91	3337.13	den005d.map.scen
1497	astar	17052	17138	138974	5183.91	3514.38	den005d.map.scen
1498	astar	17030	17060	138680	5968.31	3478	den005d.map.scen
1499	astar	16993	17086	138532	5724.06	3434.63	den005d.map.scen
1500	astar	17518	17539	142749	4482.7	3418.81	den005d.map.scen
1501	astar	17522	17543	142810	5824.11	3537.82	den005d.map.scen
1502	astar	17297	17377	141049	6060.9	3518.51	den005d.map.scen
1503	astar	17298	17359	141048	4550.15	3449.26	den005d.map.scen
1504	astar	17261	17341	140760	5171.16	3469.36	den005d.map.scen
1505	astar	17214	17300	140328	7017.86	3481.51	den005d.map.scen
1506	astar	17023	17119	138800	5360.57	3576.86	den005d.map.scen
1507	astar	16907	16996	137844	5720.25	3503.47	den005d.map.scen
1508	astar	17077	17162	139252	5743.11	3471.51	den005d.map.scen
1509	astar	17411	17451	142012	5034.32	3506.66	den005d.map.scen
1510	astar	17279	17345	140876	6007.94	3488.31	den005d.map.scen
1511	astar	17439	17476	142198	5724.94	3576.48	den005d.map.scen
1512	astar	17424	17448	142043	4429.32	3417.67	den005d.map.scen
1513	astar	17519	17544	142763	6230.28	3422.35	den005d.map.scen
1514	astar	17194	17241	140344	5079.41	3477.71	den005d.map.scen
1515	astar	17399	17422	141880	5464.88	3491.53	den005d.map.scen
