id	alg	expd	gend	touched	time	cost	sfile
0	astar	3	14	28	14.133	3	den005d.map.scen
1	astar	3	16	28	11.399	3.4142	den005d.map.scen
2	astar	0	0	1	0.63	0	den005d.map.scen
3	astar	2	11	19	8.845	2	den005d.map.scen
4	astar	3	16	28	9.084	3.8284	den005d.map.scen
5	astar	3	16	28	8.408	3.8284	den005d.map.scen
6	astar	0	0	1	0.532	0	den005d.map.scen
7	astar	1	8	10	4.333	1	den005d.map.scen
8	astar	1	5	7	2.541	1	den005d.map.scen
9	astar	1	3	5	2.265	1	den005d.map.scen
10	astar	4	16	32	8.947	4.8284	den005d.map.scen
11	astar	5	24	46	10.428	6.2426	den005d.map.scen
12	astar	7	27	63	14.213	7.4142	den005d.map.scen
13	astar	6	25	55	12.006	6.4142	den005d.map.scen
14	astar	6	27	55	14.504	6.8284	den005d.map.scen
15	astar	7	30	64	20.593	7.8284	den005d.map.scen
16	astar	4	19	37	16.854	4.4142	den005d.map.scen
17	astar	5	24	46	20.441	5.8284	den005d.map.scen
18	astar	6	27	55	18.588	6.8284	den005d.map.scen
19	astar	4	19	37	15.319	4.4142	den005d.map.scen
20	astar	10	39	91	22.096	10.8284	den005d.map.scen
21	astar	9	40	82	25.855	10.6568	den005d.map.scen
22	astar	9	40	82	23.116	10.6568	den005d.map.scen
23	astar	8	35	73	24.061	9.2426	den005d.map.scen
24	astar	11	40	100	27.861	11.4142	den005d.map.scen
25	astar	10	43	91	33.908	11.6568	den005d.map.scen
26	astar	6	33	55	21.32	8.4852	den005d.map.scen
27	astar	10	35	91	23.168	10	den005d.map.scen
28	astar	8	30	72	19.422	8.4142	den005d.map.scen
29	astar	8	32	72	24.14	8.8284	den005d.map.scen
30	astar	15	53	135	33.391	15.8284	den005d.map.scen
31	astar	10	45	91	30.246	12.071	den005d.map.scen
32	astar	15	45	113	24.791	15.4142	den005d.map.scen
33	astar	14	39	93	21.28	15.2426	den005d.map.scen
34	astar	11	44	90	25.83	13.071	den005d.map.scen
35	astar	13	45	115	28.378	13.8284	den005d.map.scen
36	astar	14	55	127	38.253	15.6568	den005d.map.scen
37	astar	11	48	100	26.888	13.071	den005d.map.scen
38	astar	15	60	136	37.225	15.142	den005d.map.scen
39	astar	11	48	100	31.241	12.3136	den005d.map.scen
40	astar	16	49	127	28.874	16.8284	den005d.map.scen
41	astar	15	45	109	21.71	16.6568	den005d.map.scen
42	astar	15	50	118	26.052	16.6568	den005d.map.scen
43	astar	16	57	127	28.155	18.071	den005d.map.scen
44	astar	21	61	171	32.446	17.7278	den005d.map.scen
45	astar	15	62	136	36.915	17.4852	den005d.map.scen
46	astar	17	57	137	29.12	18.6568	den005d.map.scen
47	astar	22	67	199	37.204	16.3136	den005d.map.scen
48	astar	18	59	159	34.853	18.4142	den005d.map.scen
49	astar	16	61	145	37.055	17.071	den005d.map.scen
50	astar	19	62	162	126.742	20.2426	den005d.map.scen
51	astar	16	81	145	46.787	22.213	den005d.map.scen
52	astar	19	67	169	40.495	20.6568	den005d.map.scen
53	astar	20	72	174	37.461	22.071	den005d.map.scen
54	astar	19	74	172	47.025	21.4852	den005d.map.scen
55	astar	26	73	221	47.148	21.2426	den005d.map.scen
56	astar	21	69	157	41.682	23.8994	den005d.map.scen
57	astar	19	63	141	33.934	21.4852	den005d.map.scen
58	astar	19	59	139	27.542	21.8994	den005d.map.scen
59	astar	22	64	162	33.979	23.071	den005d.map.scen
60	astar	37	106	330	56.676	25.213	den005d.map.scen
61	astar	24	79	205	56.924	25.6568	den005d.map.scen
62	astar	32	92	262	63.427	27.142	den005d.map.scen
63	astar	23	80	190	57.392	25.4852	den005d.map.scen
64	astar	25	84	226	38.535	24.6568	den005d.map.scen
65	astar	53	114	468	53.662	25.142	den005d.map.scen
66	astar	25	80	198	37.252	27.4852	den005d.map.scen
67	astar	53	110	448	100.72	27.142	den005d.map.scen
68	astar	22	77	179	43.284	24.3136	den005d.map.scen
69	astar	21	81	177	41.658	24.7278	den005d.map.scen
70	astar	32	116	286	94.027	30.284	den005d.map.scen
71	astar	53	121	453	77.052	31.3136	den005d.map.scen
72	astar	31	97	269	40.421	31.4142	den005d.map.scen
73	astar	34	107	285	71.044	31.3846	den005d.map.scen
74	astar	27	98	232	51.055	31.142	den005d.map.scen
75	astar	27	99	217	69.408	31.9704	den005d.map.scen
76	astar	24	91	191	56.64	30.213	den005d.map.scen
77	astar	29	91	241	51.831	30.2426	den005d.map.scen
78	astar	30	94	250	42.974	31.2426	den005d.map.scen
79	astar	26	85	211	43.259	28.4852	den005d.map.scen
80	astar	46	130	390	75.657	35.213	den005d.map.scen
81	astar	32	112	278	53.601	34.8994	den005d.map.scen
82	astar	35	112	304	48.758	35.6568	den005d.map.scen
83	astar	44	130	376	72.123	33.8698	den005d.map.scen
84	astar	63	147	536	72.626	32.142	den005d.map.scen
85	astar	37	120	334	50.534	35.6568	den005d.map.scen
86	astar	41	113	335	56.53	32.6272	den005d.map.scen
87	astar	32	101	235	46.7	34.9704	den005d.map.scen
88	astar	29	101	227	59.138	33.9704	den005d.map.scen
89	astar	31	103	233	53.634	35.9704	den005d.map.scen
90	astar	36	118	300	46.816	37.8994	den005d.map.scen
91	astar	37	124	334	49.107	38.6568	den005d.map.scen
92	astar	35	110	252	44.526	39.5562	den005d.map.scen
93	astar	34	116	290	41.739	36.8994	den005d.map.scen
94	astar	34	121	295	58.276	37.7278	den005d.map.scen
95	astar	33	113	275	42.869	36.7278	den005d.map.scen
96	astar	37	116	304	55.784	39.4852	den005d.map.scen
97	astar	36	109	285	56.855	38.071	den005d.map.scen
98	astar	34	104	250	44.716	37.3136	den005d.map.scen
99	astar	34	117	267	45.034	39.3846	den005d.map.scen
100	astar	42	127	361	58.332	42.4142	den005d.map.scen
101	astar	97	199	871	89.944	41.6272	den005d.map.scen
102	astar	39	149	349	65.123	42.284	den005d.map.scen
103	astar	34	133	291	58.201	41.0414	den005d.map.scen
104	astar	35	113	251	47.98	41.213	den005d.map.scen
105	astar	37	124	288	63.272	41.9704	den005d.map.scen
106	astar	48	140	394	69.145	43.3846	den005d.map.scen
107	astar	38	127	291	54.364	43.3846	den005d.map.scen
108	astar	48	137	395	62.995	43.9704	den005d.map.scen
109	astar	68	155	581	75.609	41.142	den005d.map.scen
110	astar	51	141	417	60.247	47.071	den005d.map.scen
111	astar	40	148	350	61.824	45.3846	den005d.map.scen
112	astar	45	137	367	63.323	45.3136	den005d.map.scen
113	astar	40	124	296	58.556	44.142	den005d.map.scen
114	astar	45	140	388	51.892	46.2426	den005d.map.scen
115	astar	44	150	384	67.565	45.3846	den005d.map.scen
116	astar	41	130	314	68.814	44.9704	den005d.map.scen
117	astar	41	125	309	51.519	45.142	den005d.map.scen
118	astar	47	140	368	64.886	44.8698	den005d.map.scen
119	astar	38	136	312	53.126	44.213	den005d.map.scen
120	astar	41	163	345	63.157	49.6982	den005d.map.scen
121	astar	41	163	367	67.285	48.8698	den005d.map.scen
122	astar	55	165	462	70.002	51.5562	den005d.map.scen
123	astar	88	191	750	95.804	51.142	den005d.map.scen
124	astar	48	150	410	65.356	50.071	den005d.map.scen
125	astar	52	173	443	95.163	51.1124	den005d.map.scen
126	astar	49	153	431	66.687	49.8284	den005d.map.scen
127	astar	86	194	746	68.404	51.7278	den005d.map.scen
128	astar	45	132	328	67.447	48.3846	den005d.map.scen
129	astar	49	146	402	74.821	50.6568	den005d.map.scen
130	astar	51	160	428	101.839	53.4852	den005d.map.scen
131	astar	46	138	326	70.455	52.213	den005d.map.scen
132	astar	46	139	323	63.989	52.213	den005d.map.scen
133	astar	49	170	410	182.033	55.213	den005d.map.scen
134	astar	47	165	395	82.528	52.0414	den005d.map.scen
135	astar	48	159	381	58.636	53.7988	den005d.map.scen
136	astar	71	205	629	88.562	53.4556	den005d.map.scen
137	astar	48	174	414	71.715	55.0414	den005d.map.scen
138	astar	51	161	445	66.873	52.6568	den005d.map.scen
139	astar	52	165	457	62.314	53.6568	den005d.map.scen
140	astar	51	189	449	98.054	58.0414	den005d.map.scen
141	astar	50	188	440	70.716	57.4556	den005d.map.scen
142	astar	55	154	388	66.901	59.5562	den005d.map.scen
143	astar	50	178	428	64.183	56.6272	den005d.map.scen
144	astar	49	148	342	64.331	56.0414	den005d.map.scen
145	astar	55	175	455	54.316	59.5562	den005d.map.scen
146	astar	58	180	500	74.087	56.5562	den005d.map.scen
147	astar	83	221	727	93.027	58.6982	den005d.map.scen
148	astar	56	182	494	77.903	58.4852	den005d.map.scen
149	astar	61	197	539	91.044	58.0414	den005d.map.scen
150	astar	60	199	527	98.328	61.7988	den005d.map.scen
151	astar	57	195	503	89.047	61.5562	den005d.map.scen
152	astar	59	193	521	94.879	61.8994	den005d.map.scen
153	astar	58	185	505	86.654	60.4852	den005d.map.scen
154	astar	61	194	510	94.403	63.9704	den005d.map.scen
155	astar	72	211	631	336.187	62.6272	den005d.map.scen
156	astar	58	179	453	209.043	62.213	den005d.map.scen
157	astar	58	181	457	111.548	63.3846	den005d.map.scen
158	astar	60	188	530	197.536	61.2426	den005d.map.scen
159	astar	59	192	514	171.984	61.142	den005d.map.scen
160	astar	56	220	488	235.752	66.7692	den005d.map.scen
161	astar	66	200	508	177.759	67.1124	den005d.map.scen
162	astar	94	234	800	213.883	66.213	den005d.map.scen
163	astar	60	199	495	225.107	66.213	den005d.map.scen
164	astar	83	230	684	167.803	67.9408	den005d.map.scen
165	astar	101	255	899	237.486	66.4556	den005d.map.scen
166	astar	60	185	467	143.931	65.3846	den005d.map.scen
167	astar	96	219	771	125.188	64.4556	den005d.map.scen
168	astar	67	188	526	121.354	66.7278	den005d.map.scen
169	astar	59	194	470	141.177	66.4556	den005d.map.scen
170	astar	79	224	674	160.907	69.6272	den005d.map.scen
171	astar	92	262	794	140.711	69.6272	den005d.map.scen
172	astar	62	220	548	116.151	68.6272	den005d.map.scen
173	astar	74	214	592	125.46	68.284	den005d.map.scen
174	astar	66	200	512	119.38	70.213	den005d.map.scen
175	astar	66	198	514	136.702	70.9704	den005d.map.scen
176	astar	63	197	467	104.073	71.284	den005d.map.scen
177	astar	62	190	462	77.743	68.6272	den005d.map.scen
178	astar	67	213	577	100.526	68.3846	den005d.map.scen
179	astar	124	281	1105	173.81	69.0414	den005d.map.scen
180	astar	65	216	524	135.473	72.284	den005d.map.scen
181	astar	96	241	787	116.27	72.284	den005d.map.scen
182	astar	95	244	772	129.783	75.1124	den005d.map.scen
183	astar	62	226	494	114.048	74.0118	den005d.map.scen
184	astar	77	229	623	104.513	72.6982	den005d.map.scen
185	astar	67	228	544	108.097	74.9408	den005d.map.scen
186	astar	95	249	789	117.649	73.355	den005d.map.scen
187	astar	69	203	549	130.814	72.7278	den005d.map.scen
188	astar	69	224	570	101.271	75.213	den005d.map.scen
189	astar	72	223	617	120.858	74.071	den005d.map.scen
190	astar	131	292	1108	299.038	78.8698	den005d.map.scen
191	astar	73	214	580	107.635	76.3136	den005d.map.scen
192	astar	110	266	900	274.407	79.1124	den005d.map.scen
193	astar	66	230	498	165.336	79.6686	den005d.map.scen
194	astar	70	215	515	136.966	78.6982	den005d.map.scen
195	astar	81	242	658	149.195	78.4556	den005d.map.scen
196	astar	71	231	587	122.057	77.213	den005d.map.scen
197	astar	81	244	708	119.258	76.7278	den005d.map.scen
198	astar	96	274	847	157.649	79.0414	den005d.map.scen
199	astar	83	252	726	123.761	78.5562	den005d.map.scen
200	astar	124	316	1066	219.721	81.1538	den005d.map.scen
201	astar	104	261	863	104.67	80.3846	den005d.map.scen
202	astar	97	278	828	145.19	82.5266	den005d.map.scen
203	astar	76	229	603	95.64	81.3846	den005d.map.scen
204	astar	78	249	673	82.989	82.5562	den005d.map.scen
205	astar	76	262	662	82.499	83.4556	den005d.map.scen
206	astar	98	283	860	104.841	81.6982	den005d.map.scen
207	astar	73	241	567	114.214	83.7692	den005d.map.scen
208	astar	97	276	832	117.56	83.284	den005d.map.scen
209	astar	71	247	570	80.627	81.0118	den005d.map.scen
210	astar	84	267	717	98.556	87.7988	den005d.map.scen
211	astar	90	294	791	117.545	87.355	den005d.map.scen
212	astar	109	292	948	123.984	85.6272	den005d.map.scen
213	astar	92	263	763	104.033	84.5562	den005d.map.scen
214	astar	141	333	1229	180.701	86.9408	den005d.map.scen
215	astar	100	269	803	147.927	85.6982	den005d.map.scen
216	astar	83	230	628	131.5	84.3846	den005d.map.scen
217	astar	77	257	623	109.817	85.5976	den005d.map.scen
218	astar	79	247	649	98.84	84.7988	den005d.map.scen
219	astar	80	262	686	96.627	85.7988	den005d.map.scen
220	astar	85	279	731	82.38	91.213	den005d.map.scen
221	astar	119	297	1007	127.3	88.7988	den005d.map.scen
222	astar	113	299	951	102.971	91.4556	den005d.map.scen
223	astar	94	277	781	82.395	89.7988	den005d.map.scen
224	astar	84	279	735	99.123	89.7988	den005d.map.scen
225	astar	140	339	1219	115.164	89.0118	den005d.map.scen
226	astar	126	316	1111	141.554	88.0414	den005d.map.scen
227	astar	88	272	712	121.413	89.9408	den005d.map.scen
228	astar	81	258	638	107.278	90.1124	den005d.map.scen
229	astar	117	317	975	173.472	90.0828	den005d.map.scen
230	astar	85	284	720	175.455	92.8698	den005d.map.scen
231	astar	147	356	1278	222.794	95.355	den005d.map.scen
232	astar	159	371	1391	151.422	93.8402	den005d.map.scen
233	astar	86	272	704	116.3	93.4556	den005d.map.scen
234	astar	88	280	724	109.818	95.0414	den005d.map.scen
235	astar	138	317	1135	115.798	92.355	den005d.map.scen
236	astar	102	299	855	138.064	93.9408	den005d.map.scen
237	astar	126	333	1089	147.872	94.355	den005d.map.scen
238	astar	92	281	771	113.825	95.142	den005d.map.scen
239	astar	89	277	763	110.025	92.7278	den005d.map.scen
240	astar	229	434	1954	284.733	99.9112	den005d.map.scen
241	astar	102	305	835	162.697	97.8402	den005d.map.scen
242	astar	98	285	751	177.322	96.426	den005d.map.scen
243	astar	132	336	1118	360.428	98.5266	den005d.map.scen
244	astar	128	303	1003	179.87	97.6982	den005d.map.scen
245	astar	100	294	822	196.688	97.6272	den005d.map.scen
246	astar	94	293	795	370.464	97.9704	den005d.map.scen
247	astar	153	360	1314	581.572	99.4556	den005d.map.scen
248	astar	89	311	775	466.781	99.355	den005d.map.scen
249	astar	93	302	826	258.779	97.5562	den005d.map.scen
250	astar	157	386	1316	711.229	101.882	den005d.map.scen
251	astar	143	356	1174	261.38	103.083	den005d.map.scen
252	astar	138	334	1154	219.374	101.799	den005d.map.scen
253	astar	97	305	826	200.5	100.799	den005d.map.scen
254	astar	159	395	1401	314.481	103.426	den005d.map.scen
255	astar	128	329	1065	231.85	101.112	den005d.map.scen
256	astar	98	301	813	211.856	102.97	den005d.map.scen
257	astar	134	325	1073	201.361	100.183	den005d.map.scen
258	astar	119	340	1034	194.354	101.112	den005d.map.scen
259	astar	103	303	851	172.041	102.97	den005d.map.scen
260	astar	154	386	1282	310.19	105.053	den005d.map.scen
261	astar	140	368	1136	229.976	106.811	den005d.map.scen
262	astar	96	295	749	183.24	105.112	den005d.map.scen
263	astar	161	381	1364	208.444	105.84	den005d.map.scen
264	astar	188	403	1619	247.086	104.284	den005d.map.scen
265	astar	133	363	1167	521.702	105.698	den005d.map.scen
266	astar	146	370	1262	243.446	105.112	den005d.map.scen
267	astar	151	376	1310	313.198	106.698	den005d.map.scen
268	astar	135	349	1137	218.577	107.87	den005d.map.scen
269	astar	115	309	877	161.752	105.941	den005d.map.scen
270	astar	98	317	767	159.397	110.426	den005d.map.scen
271	astar	230	461	1981	211.763	109.84	den005d.map.scen
272	astar	141	373	1200	153.859	109.183	den005d.map.scen
273	astar	154	388	1284	178.497	110.568	den005d.map.scen
274	astar	158	389	1376	174.368	110.627	den005d.map.scen
275	astar	192	435	1673	173.496	108.769	den005d.map.scen
276	astar	150	390	1291	125.357	110.355	den005d.map.scen
277	astar	175	404	1506	153.255	110.112	den005d.map.scen
278	astar	201	420	1742	144.489	111.142	den005d.map.scen
279	astar	105	322	856	121.574	111.627	den005d.map.scen
280	astar	229	454	1999	163.389	112.627	den005d.map.scen
281	astar	255	489	2228	177.048	114.284	den005d.map.scen
282	astar	171	416	1474	185.438	113.426	den005d.map.scen
283	astar	174	391	1477	173.452	113.556	den005d.map.scen
284	astar	215	437	1810	221.76	112.84	den005d.map.scen
285	astar	110	337	919	211.321	112.041	den005d.map.scen
286	astar	206	442	1746	202.71	115.669	den005d.map.scen
287	astar	115	346	930	154.204	115.012	den005d.map.scen
288	astar	108	342	858	149.118	114.911	den005d.map.scen
289	astar	101	329	803	111.527	112.598	den005d.map.scen
290	astar	254	524	2224	195.464	119.568	den005d.map.scen
291	astar	334	564	2930	196.886	116.627	den005d.map.scen
292	astar	249	500	2152	160.789	119.426	den005d.map.scen
293	astar	130	353	1037	150.331	116.183	den005d.map.scen
294	astar	255	499	2233	282.026	116.698	den005d.map.scen
295	astar	115	343	945	168.228	117.799	den005d.map.scen
296	astar	178	404	1520	133.25	117.556	den005d.map.scen
297	astar	118	360	954	163.418	119.083	den005d.map.scen
298	astar	114	351	911	143.893	119.012	den005d.map.scen
299	astar	121	358	950	125.653	119.497	den005d.map.scen
300	astar	135	396	1090	169.182	121.296	den005d.map.scen
301	astar	243	492	2076	157.456	120.669	den005d.map.scen
302	astar	336	578	2934	219.439	120.355	den005d.map.scen
303	astar	129	379	1079	149.857	122.941	den005d.map.scen
304	astar	145	391	1181	147.954	121.669	den005d.map.scen
305	astar	160	395	1307	164.617	120.426	den005d.map.scen
306	astar	376	643	3308	429.655	122.355	den005d.map.scen
307	astar	291	540	2546	314.754	120.698	den005d.map.scen
308	astar	201	421	1671	214.709	122.213	den005d.map.scen
309	astar	217	492	1844	288.294	122.154	den005d.map.scen
310	astar	240	520	2062	296.061	127.811	den005d.map.scen
311	astar	210	488	1796	274.693	125.053	den005d.map.scen
312	astar	314	569	2733	319.724	124.426	den005d.map.scen
313	astar	153	420	1280	224.176	125.568	den005d.map.scen
314	astar	167	432	1448	196.122	127.112	den005d.map.scen
315	astar	269	514	2322	257.673	126.698	den005d.map.scen
316	astar	258	505	2221	325.804	126.527	den005d.map.scen
317	astar	275	515	2375	259.625	124.627	den005d.map.scen
318	astar	274	498	2326	242.994	124.041	den005d.map.scen
319	astar	156	406	1300	188.94	126.941	den005d.map.scen
320	astar	238	528	2091	251.354	130.497	den005d.map.scen
321	astar	210	458	1776	242.677	129.627	den005d.map.scen
322	astar	237	485	1973	281.077	131.183	den005d.map.scen
323	astar	213	466	1850	240.532	128.142	den005d.map.scen
324	astar	281	529	2397	329.288	131.284	den005d.map.scen
325	astar	162	428	1358	238.368	131.183	den005d.map.scen
326	astar	219	477	1857	307.26	129.012	den005d.map.scen
327	astar	136	403	1103	189.732	128.154	den005d.map.scen
328	astar	179	427	1431	180.223	131.497	den005d.map.scen
329	astar	339	582	2866	233.282	130.911	den005d.map.scen
330	astar	291	570	2539	310.49	132.183	den005d.map.scen
331	astar	168	431	1409	184.061	134.355	den005d.map.scen
332	astar	239	521	2046	197.977	133.74	den005d.map.scen
333	astar	222	510	1913	185.741	133.74	den005d.map.scen
334	astar	384	654	3326	239.669	132.568	den005d.map.scen
335	astar	330	616	2935	209.288	134.87	den005d.map.scen
336	astar	295	563	2559	223.579	132.527	den005d.map.scen
337	astar	357	594	3050	226.202	134.041	den005d.map.scen
338	astar	159	425	1301	177.85	132.497	den005d.map.scen
339	astar	129	420	1060	172.043	132.296	den005d.map.scen
340	astar	343	630	2977	354.617	137.74	den005d.map.scen
341	astar	317	613	2737	229.559	139.497	den005d.map.scen
342	astar	399	679	3431	260.049	138.639	den005d.map.scen
343	astar	286	555	2385	252.467	136.639	den005d.map.scen
344	astar	284	530	2334	209.904	136.083	den005d.map.scen
345	astar	230	498	1970	229.545	137.456	den005d.map.scen
346	astar	311	575	2639	239.417	139.769	den005d.map.scen
347	astar	228	500	1970	200.188	138.97	den005d.map.scen
348	astar	161	432	1326	152.624	139.355	den005d.map.scen
349	astar	290	554	2496	239.233	138.799	den005d.map.scen
350	astar	281	552	2330	279.637	140.811	den005d.map.scen
351	astar	214	506	1850	213.726	141.041	den005d.map.scen
352	astar	276	551	2359	165.803	141.941	den005d.map.scen
353	astar	176	432	1436	132.733	140.284	den005d.map.scen
354	astar	158	464	1304	180.967	140.124	den005d.map.scen
355	astar	164	427	1291	174.742	141.254	den005d.map.scen
356	astar	256	527	2157	179.604	141.183	den005d.map.scen
357	astar	359	628	3027	242.939	142.396	den005d.map.scen
358	astar	341	626	2932	209.989	141.225	den005d.map.scen
359	astar	200	492	1731	171.898	141.456	den005d.map.scen
360	astar	312	589	2647	216.284	144.083	den005d.map.scen
361	astar	295	583	2567	222.662	147.385	den005d.map.scen
362	astar	297	576	2566	179.822	145.799	den005d.map.scen
363	astar	296	554	2492	176.397	145.213	den005d.map.scen
364	astar	245	527	2121	241.897	145.556	den005d.map.scen
365	astar	244	533	2121	286.051	147.385	den005d.map.scen
366	astar	240	511	2021	196.774	145.627	den005d.map.scen
367	astar	448	746	3958	296.828	144.355	den005d.map.scen
368	astar	199	489	1659	165.022	147.012	den005d.map.scen
369	astar	314	601	2723	223.767	146.456	den005d.map.scen
370	astar	259	581	2309	207.355	150.142	den005d.map.scen
371	astar	489	780	4194	440.628	149.538	den005d.map.scen
372	astar	290	596	2487	261.116	149.154	den005d.map.scen
373	astar	401	699	3419	298.112	151.124	den005d.map.scen
374	astar	320	643	2845	231.284	148.284	den005d.map.scen
375	astar	421	696	3576	321.022	148.982	den005d.map.scen
376	astar	349	625	2967	274.231	148.183	den005d.map.scen
377	astar	320	602	2706	244.525	149.426	den005d.map.scen
378	astar	294	585	2543	258.256	148.87	den005d.map.scen
379	astar	256	558	2208	183.474	148.941	den005d.map.scen
380	astar	361	652	3040	275.954	152.811	den005d.map.scen
381	astar	421	718	3602	308.819	152.639	den005d.map.scen
382	astar	300	597	2575	232.622	153.112	den005d.map.scen
383	astar	326	630	2838	237.482	155.627	den005d.map.scen
384	astar	413	752	3584	354.942	154.325	den005d.map.scen
385	astar	313	608	2700	232.07	154.213	den005d.map.scen
386	astar	291	582	2462	231.27	154.769	den005d.map.scen
387	astar	477	768	4172	343.419	152.627	den005d.map.scen
388	astar	256	543	2161	332.254	155.213	den005d.map.scen
389	astar	256	544	2158	262.065	155.213	den005d.map.scen
390	astar	446	770	3834	323.453	159.195	den005d.map.scen
391	astar	348	653	3005	252.898	157.284	den005d.map.scen
392	astar	312	616	2646	215.55	159.426	den005d.map.scen
393	astar	321	620	2730	226.496	157.012	den005d.map.scen
394	astar	247	547	2127	228.021	156.142	den005d.map.scen
395	astar	168	457	1353	161.241	158.213	den005d.map.scen
396	astar	195	485	1595	167.659	157.627	den005d.map.scen
397	astar	301	602	2514	273.515	158.568	den005d.map.scen
398	astar	191	484	1540	198.412	156.183	den005d.map.scen
399	astar	242	537	1999	224.183	158.769	den005d.map.scen
400	astar	418	725	3551	312.174	160.053	den005d.map.scen
401	astar	332	677	2946	275.726	162.941	den005d.map.scen
402	astar	465	781	3989	334.732	162.225	den005d.map.scen
403	astar	426	748	3652	308.363	162.882	den005d.map.scen
404	astar	345	663	3009	271.748	162.627	den005d.map.scen
405	astar	349	667	3013	262.605	163.527	den005d.map.scen
406	astar	263	567	2218	211.966	160.112	den005d.map.scen
407	astar	247	561	2077	248.037	162.941	den005d.map.scen
408	astar	465	756	3950	349.449	160.598	den005d.map.scen
409	astar	328	622	2729	247.741	163.598	den005d.map.scen
410	astar	504	823	4317	346.761	164.367	den005d.map.scen
411	astar	328	691	2899	276.043	165.012	den005d.map.scen
412	astar	257	597	2196	246.103	165.568	den005d.map.scen
413	astar	539	879	4649	402.551	166.68	den005d.map.scen
414	astar	451	787	3869	300.218	165.438	den005d.map.scen
415	astar	454	788	3896	271.309	165.024	den005d.map.scen
416	astar	468	803	4013	343.5	167.024	den005d.map.scen
417	astar	455	776	3884	267.983	165.296	den005d.map.scen
418	astar	257	560	2132	247.48	166.112	den005d.map.scen
419	astar	254	582	2226	181.515	166.142	den005d.map.scen
420	astar	473	823	4057	497.731	171.68	den005d.map.scen
421	astar	249	574	2062	281.059	169.325	den005d.map.scen
422	astar	305	640	2642	267.674	171.456	den005d.map.scen
423	astar	547	868	4732	376.77	171.84	den005d.map.scen
424	astar	365	669	3061	261.451	169.84	den005d.map.scen
425	astar	367	667	3075	371.4	170.941	den005d.map.scen
426	astar	372	678	3122	260.488	168.497	den005d.map.scen
427	astar	210	520	1676	220.579	170.254	den005d.map.scen
428	astar	321	634	2726	500.503	169.112	den005d.map.scen
429	astar	354	675	3051	477.553	168.87	den005d.map.scen
430	astar	254	583	2095	396.039	172.154	den005d.map.scen
431	astar	536	879	4593	407.269	173.781	den005d.map.scen
432	astar	378	722	3284	305.226	172.183	den005d.map.scen
433	astar	359	701	3078	289.97	172.84	den005d.map.scen
434	astar	337	657	2861	233.109	173.87	den005d.map.scen
435	astar	226	544	1868	179.101	172.041	den005d.map.scen
436	astar	504	826	4366	365.875	172.527	den005d.map.scen
437	astar	527	850	4550	328.453	174.012	den005d.map.scen
438	astar	479	813	4091	441.839	174.71	den005d.map.scen
439	astar	190	517	1541	241.138	172.598	den005d.map.scen
440	astar	517	873	4423	368.068	176.923	den005d.map.scen
441	astar	254	590	2106	248.084	177.083	den005d.map.scen
442	astar	365	702	3158	295.697	176.456	den005d.map.scen
443	astar	368	696	3138	237.281	179.87	den005d.map.scen
444	astar	343	696	2984	293.144	179.87	den005d.map.scen
445	astar	367	704	3174	302.17	176.87	den005d.map.scen
446	astar	531	844	4506	363.28	177.497	den005d.map.scen
447	astar	262	598	2146	319.495	179.154	den005d.map.scen
448	astar	195	515	1523	216.323	177.669	den005d.map.scen
449	astar	443	769	3772	332.329	178.598	den005d.map.scen
450	astar	590	962	5080	459.09	180.751	den005d.map.scen
451	astar	443	827	3772	350.015	183.237	den005d.map.scen
452	astar	271	599	2229	295.556	181.112	den005d.map.scen
453	astar	306	667	2655	260.832	183.87	den005d.map.scen
454	astar	268	617	2317	255.455	181.385	den005d.map.scen
455	astar	276	633	2405	200.46	182.728	den005d.map.scen
456	astar	273	638	2408	245.464	180.213	den005d.map.scen
457	astar	333	678	2884	248.213	180.97	den005d.map.scen
458	astar	458	814	3948	402.065	183.497	den005d.map.scen
459	astar	308	660	2604	299.568	181.325	den005d.map.scen
460	astar	379	760	3354	372.08	184.112	den005d.map.scen
461	astar	472	816	4030	382.745	187.183	den005d.map.scen
462	astar	554	913	4797	379.089	186.497	den005d.map.scen
463	astar	308	671	2669	277.724	184.284	den005d.map.scen
464	astar	459	811	3945	479.95	186.769	den005d.map.scen
465	astar	493	886	4383	393.381	184.012	den005d.map.scen
466	astar	283	663	2493	281.134	186.041	den005d.map.scen
467	astar	338	704	2960	437.358	185.213	den005d.map.scen
468	astar	337	691	2915	385.516	185.799	den005d.map.scen
469	astar	521	868	4516	602.718	184.183	den005d.map.scen
470	astar	349	697	2871	958.181	189.639	den005d.map.scen
471	astar	517	873	4448	1569.76	189.254	den005d.map.scen
472	astar	474	827	4055	1229.36	190.769	den005d.map.scen
473	astar	355	693	2963	430.306	188.355	den005d.map.scen
474	astar	488	846	4190	991.549	190.84	den005d.map.scen
475	astar	283	626	2334	598.583	190.698	den005d.map.scen
476	astar	435	794	3732	519.156	189.84	den005d.map.scen
477	astar	274	655	2399	430.843	190.213	den005d.map.scen
478	astar	744	1104	6520	1079.46	188.012	den005d.map.scen
479	astar	602	992	5306	504.599	190.911	den005d.map.scen
480	astar	282	667	2465	376.957	194.556	den005d.map.scen
481	astar	377	784	3279	346.211	193.083	den005d.map.scen
482	astar	328	674	2660	348.16	195.568	den005d.map.scen
483	astar	352	735	3049	451.521	193.355	den005d.map.scen
484	astar	296	646	2454	603.238	192.112	den005d.map.scen
485	astar	507	881	4377	957.145	195.083	den005d.map.scen
486	astar	536	915	4650	530.516	194.84	den005d.map.scen
487	astar	494	890	4338	516.196	192.84	den005d.map.scen
488	astar	546	945	4795	899.02	192.639	den005d.map.scen
489	astar	361	708	2984	568.709	194.669	den005d.map.scen
490	astar	413	828	3660	607.674	196.84	den005d.map.scen
491	astar	332	685	2693	786.442	197.396	den005d.map.scen
492	astar	372	743	3147	1657.38	199.183	den005d.map.scen
493	astar	516	904	4473	1622.92	197.083	den005d.map.scen
494	astar	278	668	2396	575.948	197.041	den005d.map.scen
495	astar	287	672	2516	327.775	196.142	den005d.map.scen
496	astar	262	654	2290	404.415	199.485	den005d.map.scen
497	astar	395	762	3342	816.204	198.426	den005d.map.scen
498	astar	321	685	2695	505.719	197.769	den005d.map.scen
499	astar	214	591	1765	347.717	197.769	den005d.map.scen
500	astar	307	727	2707	456.349	200.183	den005d.map.scen
501	astar	281	669	2417	395.068	200.456	den005d.map.scen
502	astar	402	773	3393	1203.05	202.254	den005d.map.scen
503	astar	209	579	1665	714.116	201.769	den005d.map.scen
504	astar	294	665	2439	733.087	202.698	den005d.map.scen
505	astar	291	664	2412	484.67	203.698	den005d.map.scen
506	astar	311	686	2592	374.905	202.769	den005d.map.scen
507	astar	398	785	3423	455.367	200.598	den005d.map.scen
508	astar	512	870	4334	790.936	200.497	den005d.map.scen
509	astar	536	920	4638	488.717	201.254	den005d.map.scen
510	astar	407	843	3569	472.966	207.396	den005d.map.scen
511	astar	389	773	3291	396.031	206.012	den005d.map.scen
512	astar	323	704	2700	399.016	205.183	den005d.map.scen
513	astar	342	741	2949	686.468	207.627	den005d.map.scen
514	astar	535	925	4615	1079.81	205.083	den005d.map.scen
515	astar	359	746	3018	1169.81	204.74	den005d.map.scen
516	astar	529	918	4506	1183.37	206.538	den005d.map.scen
517	astar	214	571	1647	394.975	204.254	den005d.map.scen
518	astar	517	911	4453	664.442	206.083	den005d.map.scen
519	astar	332	738	2878	447.99	206.527	den005d.map.scen
520	astar	414	843	3665	524.584	210.87	den005d.map.scen
521	astar	597	1011	5203	861.284	210.74	den005d.map.scen
522	astar	498	928	4369	560.665	209.325	den005d.map.scen
523	astar	297	718	2580	393.477	211.87	den005d.map.scen
524	astar	685	1108	6009	764.419	209.811	den005d.map.scen
525	astar	419	817	3514	626.083	209.325	den005d.map.scen
526	astar	356	711	2875	927.044	209.669	den005d.map.scen
527	astar	348	737	2889	784.892	210.911	den005d.map.scen
528	astar	353	773	2994	768.694	211.84	den005d.map.scen
529	astar	598	996	5192	498.051	208.254	den005d.map.scen
530	astar	394	853	3489	393.129	213.568	den005d.map.scen
531	astar	430	886	3814	330.673	214.497	den005d.map.scen
532	astar	356	736	2918	380.078	212.497	den005d.map.scen
533	astar	376	800	3201	518.206	213.254	den005d.map.scen
534	astar	458	886	3962	510.018	214.74	den005d.map.scen
535	astar	575	982	4966	1125.64	215.254	den005d.map.scen
536	astar	596	1020	5214	469.316	212.911	den005d.map.scen
537	astar	607	1041	5324	804.039	212.396	den005d.map.scen
538	astar	365	778	3136	917.27	214.355	den005d.map.scen
539	astar	304	714	2618	1150.19	213.556	den005d.map.scen
540	astar	292	739	2533	982.852	218.083	den005d.map.scen
541	astar	356	758	2968	592.58	217.84	den005d.map.scen
542	astar	406	809	3443	536.426	218.355	den005d.map.scen
543	astar	419	814	3524	463.84	217.012	den005d.map.scen
544	astar	350	776	3020	339.083	218.527	den005d.map.scen
545	astar	503	922	4350	566.312	219.012	den005d.map.scen
546	astar	300	730	2600	491.196	218.456	den005d.map.scen
547	astar	251	664	2072	378.836	218.598	den005d.map.scen
548	astar	315	732	2626	469.887	218.325	den005d.map.scen
549	astar	325	762	2838	387.924	217.041	den005d.map.scen
550	astar	350	796	3052	310.358	221.183	den005d.map.scen
551	astar	372	778	3056	380.605	223.154	den005d.map.scen
552	astar	641	1090	5633	635.186	221.74	den005d.map.scen
553	astar	419	814	3492	391.653	220.083	den005d.map.scen
554	astar	274	667	2177	309.969	223.083	den005d.map.scen
555	astar	271	686	2242	289.7	222.012	den005d.map.scen
556	astar	226	614	1750	411.577	220.254	den005d.map.scen
557	astar	418	843	3543	767	222.154	den005d.map.scen
558	astar	304	752	2659	801.931	221.87	den005d.map.scen
559	astar	379	819	3293	969.192	223.527	den005d.map.scen
560	astar	329	799	2873	799.761	226.325	den005d.map.scen
561	astar	731	1203	6431	860.839	227.811	den005d.map.scen
562	astar	598	1060	5232	585.415	227.225	den005d.map.scen
563	astar	355	801	3103	432.17	226.627	den005d.map.scen
564	astar	350	777	2941	371.385	224.497	den005d.map.scen
565	astar	396	830	3392	400.293	227.769	den005d.map.scen
566	astar	389	828	3376	340.033	226.284	den005d.map.scen
567	astar	385	812	3316	302.072	224.284	den005d.map.scen
568	astar	496	967	4342	395.703	227.568	den005d.map.scen
569	astar	429	847	3651	375.834	226.941	den005d.map.scen
570	astar	410	883	3595	356.735	231.84	den005d.map.scen
571	astar	329	790	2872	297.469	228.941	den005d.map.scen
572	astar	392	832	3398	302.506	228.041	den005d.map.scen
573	astar	600	1057	5227	404.456	231.325	den005d.map.scen
574	astar	368	808	3170	252.704	230.627	den005d.map.scen
575	astar	730	1177	6389	462.307	228.911	den005d.map.scen
576	astar	633	1099	5544	399.001	230.568	den005d.map.scen
577	astar	375	825	3257	306.803	229.284	den005d.map.scen
578	astar	429	865	3691	292.96	231.698	den005d.map.scen
579	astar	401	871	3503	328.514	231.84	den005d.map.scen
580	astar	370	825	3205	284.939	234.284	den005d.map.scen
581	astar	232	696	2006	326.806	234.385	den005d.map.scen
582	astar	391	857	3415	422.899	235.284	den005d.map.scen
583	astar	791	1228	6870	801.902	233.396	den005d.map.scen
584	astar	401	846	3436	528.624	232.84	den005d.map.scen
585	astar	282	719	2329	398.391	235.183	den005d.map.scen
586	astar	286	723	2365	361.043	234.598	den005d.map.scen
587	astar	577	1020	4876	987.38	235.923	den005d.map.scen
588	astar	294	738	2470	406.563	235.355	den005d.map.scen
589	astar	289	727	2387	468.548	234.598	den005d.map.scen
590	astar	459	941	4023	830.112	237.325	den005d.map.scen
591	astar	378	873	3321	498.897	239.254	den005d.map.scen
592	astar	578	1051	5031	460.473	237.568	den005d.map.scen
593	astar	383	838	3308	281.086	236.627	den005d.map.scen
594	astar	292	756	2514	646.485	238.456	den005d.map.scen
595	astar	298	784	2599	455.59	239.112	den005d.map.scen
596	astar	233	723	2045	760.8	239.87	den005d.map.scen
597	astar	278	755	2435	746.885	236.87	den005d.map.scen
598	astar	784	1230	6815	1238.97	237.325	den005d.map.scen
599	astar	741	1192	6432	837.08	237.396	den005d.map.scen
600	astar	280	767	2435	495.408	242.698	den005d.map.scen
601	astar	372	866	3234	475.756	241.154	den005d.map.scen
602	astar	612	1090	5344	707.93	240.325	den005d.map.scen
603	astar	712	1161	6189	1242.5	241.183	den005d.map.scen
604	astar	234	713	1981	872.199	243.355	den005d.map.scen
605	astar	297	757	2465	452.467	243.84	den005d.map.scen
606	astar	647	1126	5661	796.696	240.325	den005d.map.scen
607	astar	238	722	2070	433.37	241.041	den005d.map.scen
608	astar	236	718	2062	330.37	241.385	den005d.map.scen
609	astar	646	1105	5625	615.884	241.769	den005d.map.scen
610	astar	564	1058	4912	586.489	245.982	den005d.map.scen
611	astar	696	1154	6036	773.154	245.669	den005d.map.scen
612	astar	680	1140	5897	614.217	246.598	den005d.map.scen
613	astar	447	912	3826	559.293	246.355	den005d.map.scen
614	astar	439	914	3810	511.865	244.183	den005d.map.scen
615	astar	302	757	2491	446.584	244.012	den005d.map.scen
616	astar	573	1030	4850	669.6	247.367	den005d.map.scen
617	astar	379	865	3283	799.301	245.598	den005d.map.scen
618	astar	720	1181	6221	2106.32	246.74	den005d.map.scen
619	astar	723	1191	6277	792.667	247.154	den005d.map.scen
620	astar	319	799	2699	619.908	251.941	den005d.map.scen
621	astar	246	731	2079	467.682	248.527	den005d.map.scen
622	astar	271	778	2362	980.697	248.183	den005d.map.scen
623	astar	290	808	2549	678.982	251.355	den005d.map.scen
624	astar	254	768	2211	617.729	248.183	den005d.map.scen
625	astar	249	739	2103	526.317	250.769	den005d.map.scen
626	astar	451	927	3873	664.718	250.769	den005d.map.scen
627	astar	575	1044	4918	869.468	248.467	den005d.map.scen
628	astar	264	756	2238	504.044	251.183	den005d.map.scen
629	astar	242	755	2115	576.407	251.112	den005d.map.scen
630	astar	317	810	2724	894.667	252.112	den005d.map.scen
631	astar	273	764	2318	802.633	252.941	den005d.map.scen
632	astar	442	921	3829	564.829	252.213	den005d.map.scen
633	astar	703	1215	6168	2491.54	254.74	den005d.map.scen
634	astar	734	1203	6333	1350.54	252.811	den005d.map.scen
635	astar	257	782	2260	967.952	255.527	den005d.map.scen
636	astar	261	786	2288	924.654	252.254	den005d.map.scen
637	astar	245	741	2065	640.915	254.941	den005d.map.scen
638	astar	771	1254	6680	881.824	253.982	den005d.map.scen
639	astar	814	1281	7045	985.351	254.154	den005d.map.scen
640	astar	299	804	2556	626.125	258.769	den005d.map.scen
641	astar	249	746	2116	446.812	256.456	den005d.map.scen
642	astar	371	902	3232	506.814	256.982	den005d.map.scen
643	astar	367	914	3219	402.892	259.568	den005d.map.scen
644	astar	656	1156	5679	521.115	257.225	den005d.map.scen
645	astar	278	794	2384	314.222	257.84	den005d.map.scen
646	astar	256	752	2140	267.182	259.355	den005d.map.scen
647	astar	310	843	2691	279.668	259.911	den005d.map.scen
648	astar	309	846	2714	277.867	258.083	den005d.map.scen
649	astar	251	791	2195	290.374	257.497	den005d.map.scen
650	astar	367	875	3171	316.998	262.284	den005d.map.scen
651	astar	337	845	2881	314.1	260.769	den005d.map.scen
652	astar	279	805	2353	350.444	262.396	den005d.map.scen
653	astar	780	1317	6862	718.438	263.225	den005d.map.scen
654	astar	791	1285	6850	550.565	262.568	den005d.map.scen
655	astar	269	770	2244	365.72	262.769	den005d.map.scen
656	astar	413	932	3578	403.935	262.84	den005d.map.scen
657	astar	284	815	2461	329.452	263.598	den005d.map.scen
658	astar	426	935	3703	405.146	263.456	den005d.map.scen
659	astar	443	960	3839	591.665	263.355	den005d.map.scen
660	astar	380	925	3293	452.68	266.982	den005d.map.scen
661	astar	818	1312	7076	717.459	266.74	den005d.map.scen
662	astar	295	824	2528	865.203	265.426	den005d.map.scen
663	astar	402	904	3414	871.507	266.598	den005d.map.scen
664	astar	381	919	3340	1033.19	265.012	den005d.map.scen
665	astar	337	877	2924	765.807	265.325	den005d.map.scen
666	astar	743	1257	6450	1523.56	266.225	den005d.map.scen
667	astar	571	1037	4752	1020.65	264.781	den005d.map.scen
668	astar	299	811	2483	451.986	266.325	den005d.map.scen
669	astar	376	894	3186	434.557	265.396	den005d.map.scen
670	astar	383	932	3320	609.878	269.982	den005d.map.scen
671	astar	745	1298	6553	930.68	271.396	den005d.map.scen
672	astar	276	784	2280	510.881	269.012	den005d.map.scen
673	astar	617	1133	5327	556.854	270.497	den005d.map.scen
674	astar	409	921	3493	375.05	271.941	den005d.map.scen
675	astar	462	973	3937	435.293	269.083	den005d.map.scen
676	astar	294	835	2531	346.298	270.598	den005d.map.scen
677	astar	328	848	2774	324.942	268.012	den005d.map.scen
678	astar	363	900	3140	322.328	268.254	den005d.map.scen
679	astar	625	1141	5389	392.994	271.497	den005d.map.scen
680	astar	419	963	3647	516.8	274.183	den005d.map.scen
681	astar	910	1420	7887	967.053	274.467	den005d.map.scen
682	astar	443	980	3848	596.604	274.355	den005d.map.scen
683	astar	893	1413	7754	1052.88	273.71	den005d.map.scen
684	astar	673	1209	5841	1730.94	274.74	den005d.map.scen
685	astar	710	1241	6194	1002.93	272.083	den005d.map.scen
686	astar	743	1262	6445	551.073	272.74	den005d.map.scen
687	astar	300	846	2576	527.227	273.84	den005d.map.scen
688	astar	591	1109	5049	1312.64	272.538	den005d.map.scen
689	astar	604	1130	5168	2185.81	275.367	den005d.map.scen
690	astar	453	1000	3940	586.574	277.769	den005d.map.scen
691	astar	374	918	3228	586.9	276.183	den005d.map.scen
692	astar	840	1355	7253	830.546	278.053	den005d.map.scen
693	astar	824	1344	7106	1159.72	278.467	den005d.map.scen
694	astar	334	866	2852	560.046	276.112	den005d.map.scen
695	astar	726	1259	6306	624.614	278.669	den005d.map.scen
696	astar	715	1231	6162	494.481	277.669	den005d.map.scen
697	astar	715	1242	6205	451.105	276.669	den005d.map.scen
698	astar	422	948	3576	338.583	278.254	den005d.map.scen
699	astar	416	940	3542	329.361	276.598	den005d.map.scen
700	astar	654	1190	5694	584.303	282.698	den005d.map.scen
701	astar	726	1279	6329	548.55	283.74	den005d.map.scen
702	astar	805	1346	7032	522.678	283.254	den005d.map.scen
703	astar	763	1307	6683	487.752	281.598	den005d.map.scen
704	astar	863	1381	7463	574.624	281.982	den005d.map.scen
705	astar	336	887	2857	755.217	283.012	den005d.map.scen
706	astar	359	914	3102	774.11	281.941	den005d.map.scen
707	astar	692	1225	5974	873.637	281.911	den005d.map.scen
708	astar	659	1200	5714	592.673	282.669	den005d.map.scen
709	astar	501	1037	4291	923.494	282.669	den005d.map.scen
710	astar	671	1215	5869	1271.62	285.041	den005d.map.scen
711	astar	721	1263	6307	1359.11	285.456	den005d.map.scen
712	astar	761	1316	6627	709.754	285.396	den005d.map.scen
713	astar	849	1401	7424	733.663	285.154	den005d.map.scen
714	astar	483	1042	4178	622.729	285.497	den005d.map.scen
715	astar	381	930	3244	665.433	286.183	den005d.map.scen
716	astar	411	961	3521	695.774	285.183	den005d.map.scen
717	astar	872	1402	7536	1007.25	286.053	den005d.map.scen
718	astar	386	964	3354	594.825	287.669	den005d.map.scen
719	astar	842	1363	7247	821.388	286.639	den005d.map.scen
720	astar	785	1352	6846	1313.19	290.639	den005d.map.scen
721	astar	748	1311	6559	779.911	288.426	den005d.map.scen
722	astar	894	1429	7736	1014.53	288.982	den005d.map.scen
723	astar	367	945	3179	852.049	288.84	den005d.map.scen
724	astar	346	904	2912	1027.27	291.254	den005d.map.scen
725	astar	388	948	3286	646.826	289.568	den005d.map.scen
726	astar	298	851	2449	519.688	288.396	den005d.map.scen
727	astar	370	928	3128	524.725	291.254	den005d.map.scen
728	astar	671	1225	5796	1041.18	291.497	den005d.map.scen
729	astar	731	1289	6349	1592.41	290.74	den005d.map.scen
730	astar	646	1220	5628	1094.01	292.154	den005d.map.scen
731	astar	768	1365	6702	850.482	293.882	den005d.map.scen
732	astar	397	944	3332	557.305	292.083	den005d.map.scen
733	astar	416	1007	3597	685.425	294.396	den005d.map.scen
734	astar	921	1450	7908	1006.48	295.296	den005d.map.scen
735	astar	395	983	3424	609.037	294.254	den005d.map.scen
736	astar	674	1236	5814	542.559	295.568	den005d.map.scen
737	astar	681	1234	5867	442.364	295.254	den005d.map.scen
738	astar	888	1423	7608	605.79	293.538	den005d.map.scen
739	astar	608	1185	5197	501.463	294.166	den005d.map.scen
740	astar	835	1410	7330	520.638	296.083	den005d.map.scen
741	astar	728	1343	6384	680.364	299.538	den005d.map.scen
742	astar	441	1043	3819	511.68	296.882	den005d.map.scen
743	astar	759	1344	6632	578.691	296.811	den005d.map.scen
744	astar	883	1442	7629	625.733	296.124	den005d.map.scen
745	astar	410	1006	3568	452.763	297.598	den005d.map.scen
746	astar	630	1197	5423	955.606	296.74	den005d.map.scen
747	astar	770	1332	6662	1315.22	298.154	den005d.map.scen
748	astar	299	870	2462	565.583	297.568	den005d.map.scen
749	astar	374	968	3213	502.209	298.911	den005d.map.scen
750	astar	745	1367	6579	1327.85	302.982	den005d.map.scen
751	astar	729	1307	6308	1639.85	303.669	den005d.map.scen
752	astar	742	1301	6395	1005.63	301.083	den005d.map.scen
753	astar	421	984	3556	561.272	301.598	den005d.map.scen
754	astar	411	980	3438	520.362	303.154	den005d.map.scen
755	astar	677	1266	5824	910.836	301.509	den005d.map.scen
756	astar	356	946	3002	607.263	303.325	den005d.map.scen
757	astar	331	913	2775	561.57	301.669	den005d.map.scen
758	astar	412	989	3485	537.236	300.497	den005d.map.scen
759	astar	423	1003	3601	403.989	300.154	den005d.map.scen
760	astar	708	1330	6176	594.257	306.438	den005d.map.scen
761	astar	405	983	3419	389.935	306.254	den005d.map.scen
762	astar	682	1272	5898	510.788	304.225	den005d.map.scen
763	astar	352	925	2929	327.495	304.083	den005d.map.scen
764	astar	337	914	2770	317.281	305.811	den005d.map.scen
765	astar	698	1273	6000	459.838	306.911	den005d.map.scen
766	astar	727	1322	6312	567.924	305.811	den005d.map.scen
767	astar	753	1327	6503	506.818	304.325	den005d.map.scen
768	astar	919	1464	7868	702.831	306.124	den005d.map.scen
769	astar	702	1301	6045	673.474	304.852	den005d.map.scen
770	astar	357	986	3036	718.316	310.538	den005d.map.scen
771	astar	624	1204	5308	1130.04	310.882	den005d.map.scen
772	astar	463	1054	3922	731.612	310.325	den005d.map.scen
773	astar	741	1321	6370	1204.13	309.225	den005d.map.scen
774	astar	746	1313	6405	1554.51	308.497	den005d.map.scen
775	astar	746	1332	6424	1309	311.225	den005d.map.scen
776	astar	791	1373	6814	760.208	311.225	den005d.map.scen
777	astar	376	948	3106	491.837	308.154	den005d.map.scen
778	astar	350	931	2925	527.763	308.012	den005d.map.scen
779	astar	424	1020	3576	644.995	309.811	den005d.map.scen
780	astar	519	1156	4556	769.118	313.74	den005d.map.scen
781	astar	779	1412	6860	769.229	315.911	den005d.map.scen
782	astar	752	1352	6494	606.816	312.882	den005d.map.scen
783	astar	754	1322	6457	503.871	312.669	den005d.map.scen
784	astar	566	1159	4821	435.378	314.982	den005d.map.scen
785	astar	451	1029	3749	400.62	312.396	den005d.map.scen
786	astar	484	1069	4054	380.675	313.467	den005d.map.scen
787	astar	732	1320	6300	602.867	312.396	den005d.map.scen
788	astar	716	1335	6205	702.864	315.639	den005d.map.scen
789	astar	715	1323	6149	714.129	313.71	den005d.map.scen
790	astar	474	1131	4181	815.274	318.911	den005d.map.scen
791	astar	773	1370	6668	875.399	317.911	den005d.map.scen
792	astar	627	1231	5343	1570.01	318.609	den005d.map.scen
793	astar	353	950	2910	965.241	316.154	den005d.map.scen
794	astar	357	947	2921	750.363	316.982	den005d.map.scen
795	astar	339	934	2768	1415.47	316.811	den005d.map.scen
796	astar	685	1282	5918	1525.22	317.012	den005d.map.scen
797	astar	763	1365	6599	886.479	316.568	den005d.map.scen
798	astar	747	1339	6422	885.606	316.568	den005d.map.scen
799	astar	698	1306	6028	824.887	316.811	den005d.map.scen
800	astar	811	1407	6966	775.201	321.053	den005d.map.scen
801	astar	626	1234	5334	545.611	322.367	den005d.map.scen
802	astar	362	965	3021	339.696	322.598	den005d.map.scen
803	astar	639	1248	5506	466.261	321.083	den005d.map.scen
804	astar	504	1113	4229	465.204	322.882	den005d.map.scen
805	astar	806	1415	6935	779.02	321.538	den005d.map.scen
806	astar	796	1409	6899	720.123	323.154	den005d.map.scen
807	astar	748	1358	6470	804.982	322.325	den005d.map.scen
808	astar	745	1351	6419	899.346	321.982	den005d.map.scen
809	astar	746	1366	6441	1046.97	321.639	den005d.map.scen
810	astar	752	1408	6602	1616.19	326.154	den005d.map.scen
811	astar	633	1244	5402	793.636	325.467	den005d.map.scen
812	astar	797	1410	6882	564.81	324.053	den005d.map.scen
813	astar	823	1430	7061	1035.19	327.467	den005d.map.scen
814	astar	779	1399	6755	1776.13	326.325	den005d.map.scen
815	astar	760	1382	6558	1807.95	327.639	den005d.map.scen
816	astar	763	1377	6568	792.571	326.982	den005d.map.scen
817	astar	745	1367	6405	664.466	326.538	den005d.map.scen
818	astar	797	1412	6860	1139.99	327.467	den005d.map.scen
819	astar	648	1264	5522	845.083	324.024	den005d.map.scen
820	astar	754	1377	6481	628.994	331.811	den005d.map.scen
821	astar	800	1416	6876	555.194	330.225	den005d.map.scen
822	astar	815	1424	6975	821.752	330.467	den005d.map.scen
823	astar	761	1393	6603	852.644	331.669	den005d.map.scen
824	astar	750	1367	6440	786.421	328.811	den005d.map.scen
825	astar	741	1363	6359	672.107	331.811	den005d.map.scen
826	astar	764	1389	6589	912.464	330.811	den005d.map.scen
827	astar	812	1442	7028	1044.28	331.053	den005d.map.scen
828	astar	859	1484	7412	966.876	328.953	den005d.map.scen
829	astar	766	1380	6580	1111.98	330.225	den005d.map.scen
830	astar	578	1225	5045	680.88	333.284	den005d.map.scen
831	astar	766	1403	6603	1162.24	333.882	den005d.map.scen
832	astar	783	1416	6729	900.893	332.367	den005d.map.scen
833	astar	854	1480	7346	793.92	332.024	den005d.map.scen
834	astar	816	1427	7001	825.657	333.225	den005d.map.scen
835	astar	686	1313	5887	802.846	333.325	den005d.map.scen
836	astar	755	1375	6483	731.863	332.396	den005d.map.scen
837	astar	792	1432	6813	602.877	335.367	den005d.map.scen
838	astar	741	1374	6366	513.991	334.467	den005d.map.scen
839	astar	709	1345	6091	496.041	332.124	den005d.map.scen
840	astar	792	1420	6815	537.671	336.568	den005d.map.scen
841	astar	774	1405	6651	491.051	338.568	den005d.map.scen
842	astar	765	1414	6600	569.771	337.538	den005d.map.scen
843	astar	830	1459	7135	548.083	338.467	den005d.map.scen
844	astar	653	1297	5582	457.999	336.467	den005d.map.scen
845	astar	635	1281	5447	670.018	338.225	den005d.map.scen
846	astar	754	1393	6471	818.598	338.882	den005d.map.scen
847	astar	853	1496	7366	942.345	337.367	den005d.map.scen
848	astar	842	1479	7259	1550.75	338.71	den005d.map.scen
849	astar	828	1461	7137	1134.91	336.71	den005d.map.scen
850	astar	724	1378	6224	630.914	340.953	den005d.map.scen
851	astar	820	1457	7037	1067.94	341.367	den005d.map.scen
852	astar	695	1335	5971	1750.3	340.154	den005d.map.scen
853	astar	850	1489	7293	1172.79	343.367	den005d.map.scen
854	astar	658	1301	5595	668.233	341.609	den005d.map.scen
855	astar	835	1465	7142	721.24	340.538	den005d.map.scen
856	astar	831	1454	7106	778.969	341.639	den005d.map.scen
857	astar	383	1036	3178	596.213	341.467	den005d.map.scen
858	astar	733	1387	6325	760.809	341.396	den005d.map.scen
859	astar	772	1422	6643	629.128	343.467	den005d.map.scen
860	astar	790	1430	6756	569.343	345.053	den005d.map.scen
861	astar	837	1486	7221	518.445	345.982	den005d.map.scen
862	astar	818	1457	7039	498.638	345.74	den005d.map.scen
863	astar	659	1319	5629	516.143	347.882	den005d.map.scen
864	astar	702	1354	6002	797.244	345.467	den005d.map.scen
865	astar	339	1013	2805	569.091	344.953	den005d.map.scen
866	astar	362	1029	2993	539.903	346.71	den005d.map.scen
867	astar	376	1038	3110	555.052	347.225	den005d.map.scen
868	astar	658	1312	5588	1634.43	346.266	den005d.map.scen
869	astar	805	1480	6968	785.739	347.296	den005d.map.scen
870	astar	860	1537	7521	785.31	351.083	den005d.map.scen
871	astar	826	1473	7109	1624.29	350.154	den005d.map.scen
872	astar	816	1481	7041	1687.81	348.538	den005d.map.scen
873	astar	784	1450	6742	739.877	349.781	den005d.map.scen
874	astar	734	1403	6297	572.731	348.923	den005d.map.scen
875	astar	729	1396	6241	734.929	348.367	den005d.map.scen
876	astar	648	1309	5551	739.371	348.982	den005d.map.scen
877	astar	360	1040	2978	559.587	350.953	den005d.map.scen
878	astar	673	1364	5801	595.138	349.195	den005d.map.scen
879	astar	354	1030	2934	482.056	349.882	den005d.map.scen
880	astar	795	1479	6907	570.496	354.225	den005d.map.scen
881	astar	833	1507	7143	588.259	353.781	den005d.map.scen
882	astar	831	1517	7207	550.642	353.296	den005d.map.scen
883	astar	828	1497	7113	543.591	355.953	den005d.map.scen
884	astar	792	1461	6789	700.583	353.024	den005d.map.scen
885	astar	779	1469	6685	641.588	355.751	den005d.map.scen
886	astar	381	1052	3140	435.927	354.296	den005d.map.scen
887	astar	638	1320	5440	545.345	353.438	den005d.map.scen
888	astar	354	1035	2921	404.293	352.538	den005d.map.scen
889	astar	685	1355	5818	2213.74	355.266	den005d.map.scen
890	astar	736	1447	6442	1126.07	359.698	den005d.map.scen
891	astar	759	1452	6580	888.031	358.225	den005d.map.scen
892	astar	882	1579	7587	1205.53	357.923	den005d.map.scen
893	astar	889	1560	7620	1740.48	358.68	den005d.map.scen
894	astar	411	1097	3453	1098.82	358.568	den005d.map.scen
895	astar	453	1116	3720	812.033	357.367	den005d.map.scen
896	astar	500	1173	4149	839.137	359.024	den005d.map.scen
897	astar	652	1318	5524	1044.74	356.024	den005d.map.scen
898	astar	826	1515	7135	878.205	358.953	den005d.map.scen
899	astar	833	1518	7162	668.713	358.852	den005d.map.scen
900	astar	814	1520	7074	619.704	363.467	den005d.map.scen
901	astar	751	1454	6532	507.451	360.639	den005d.map.scen
902	astar	868	1542	7453	780.199	362.296	den005d.map.scen
903	astar	833	1521	7157	815.228	362.852	den005d.map.scen
904	astar	679	1366	5810	711.544	360.781	den005d.map.scen
905	astar	896	1572	7677	983.797	362.195	den005d.map.scen
906	astar	818	1504	7050	1185.92	362.467	den005d.map.scen
907	astar	814	1512	6992	1302.31	363.095	den005d.map.scen
908	astar	695	1382	5956	836.575	360.953	den005d.map.scen
909	astar	829	1509	7115	1347.82	361.195	den005d.map.scen
910	astar	840	1561	7300	1178.17	367.497	den005d.map.scen
911	astar	833	1533	7227	671.506	364.639	den005d.map.scen
912	astar	679	1360	5756	647.618	364.609	den005d.map.scen
913	astar	874	1582	7547	890.041	366.024	den005d.map.scen
914	astar	794	1497	6797	887.781	365.58	den005d.map.scen
915	astar	574	1264	4884	618.543	364.225	den005d.map.scen
916	astar	479	1182	4064	486.56	367.154	den005d.map.scen
917	astar	679	1348	5784	475.518	364.497	den005d.map.scen
918	astar	989	1660	8501	637.859	365.195	den005d.map.scen
919	astar	855	1557	7367	596.733	367.024	den005d.map.scen
920	astar	768	1497	6687	535.016	369.124	den005d.map.scen
921	astar	866	1554	7410	560.592	368.438	den005d.map.scen
922	astar	913	1614	7827	779.088	370.58	den005d.map.scen
923	astar	911	1608	7802	948.327	371.58	den005d.map.scen
924	astar	996	1682	8606	1053.07	370.296	den005d.map.scen
925	astar	856	1554	7344	1813.68	370.609	den005d.map.scen
926	astar	835	1537	7161	1193.85	369.095	den005d.map.scen
927	astar	888	1571	7601	1207.16	368.438	den005d.map.scen
928	astar	909	1612	7817	2160.89	369.095	den005d.map.scen
929	astar	920	1611	7881	1879.18	369.166	den005d.map.scen
930	astar	838	1586	7355	774.751	373.87	den005d.map.scen
931	astar	919	1631	7943	1205.64	374.781	den005d.map.scen
932	astar	853	1560	7328	991.022	373.609	den005d.map.scen
933	astar	844	1553	7257	641.826	373.609	den005d.map.scen
934	astar	1005	1705	8646	725.676	374.923	den005d.map.scen
935	astar	867	1567	7435	596.647	372.024	den005d.map.scen
936	astar	843	1547	7219	588.452	372.852	den005d.map.scen
937	astar	888	1596	7618	706.517	372.166	den005d.map.scen
938	astar	1006	1712	8680	1139.94	372.58	den005d.map.scen
939	astar	870	1581	7507	1032.45	374.367	den005d.map.scen
940	astar	886	1600	7628	1570.77	377.024	den005d.map.scen
941	astar	879	1595	7543	2154.75	378.095	den005d.map.scen
942	astar	947	1662	8150	3431.49	376.337	den005d.map.scen
943	astar	928	1636	7962	1368.36	377.923	den005d.map.scen
944	astar	390	1133	3291	1014.07	378.639	den005d.map.scen
945	astar	1009	1714	8704	1153.97	376.438	den005d.map.scen
946	astar	927	1633	7949	1036.11	379.095	den005d.map.scen
947	astar	1007	1714	8710	1098.97	377.781	den005d.map.scen
948	astar	880	1597	7563	2609.09	377.852	den005d.map.scen
949	astar	704	1427	5975	1264.38	379.994	den005d.map.scen
950	astar	983	1713	8627	2200.81	382.527	den005d.map.scen
951	astar	920	1672	8062	2446.22	383.225	den005d.map.scen
952	astar	752	1541	6597	1538.54	380.982	den005d.map.scen
953	astar	786	1543	6879	1123.28	380.811	den005d.map.scen
954	astar	1175	1914	10349	1438	380.669	den005d.map.scen
955	astar	694	1422	5882	1553.52	383.408	den005d.map.scen
956	astar	687	1404	5814	2068.11	382.68	den005d.map.scen
957	astar	1016	1729	8755	1655.23	382.438	den005d.map.scen
958	astar	1049	1769	9035	1688.09	380.408	den005d.map.scen
959	astar	973	1702	8388	770.883	383.166	den005d.map.scen
960	astar	931	1659	8029	673.822	385.024	den005d.map.scen
961	astar	938	1668	8036	672.547	386.408	den005d.map.scen
962	astar	885	1621	7597	767.793	384.58	den005d.map.scen
963	astar	940	1662	8034	667.294	387.751	den005d.map.scen
964	astar	927	1642	7924	1255.31	384.337	den005d.map.scen
965	astar	943	1656	8082	2067.5	384.266	den005d.map.scen
966	astar	940	1661	8051	1395.15	386.923	den005d.map.scen
967	astar	964	1698	8310	1037.4	384.408	den005d.map.scen
968	astar	874	1602	7488	988.394	387.266	den005d.map.scen
969	astar	940	1658	8040	843.066	387.166	den005d.map.scen
970	astar	897	1628	7778	696.184	388.497	den005d.map.scen
971	astar	719	1458	6160	629.786	389.053	den005d.map.scen
972	astar	623	1379	5373	514.56	391.497	den005d.map.scen
973	astar	895	1634	7702	871.701	388.852	den005d.map.scen
974	astar	892	1629	7689	770.52	388.195	den005d.map.scen
975	astar	545	1293	4651	507.28	390.497	den005d.map.scen
976	astar	884	1621	7589	1107.08	390.438	den005d.map.scen
977	astar	935	1662	8000	1591.76	388.408	den005d.map.scen
978	astar	936	1658	7994	957.94	388.751	den005d.map.scen
979	astar	1045	1785	9012	2259.07	389.58	den005d.map.scen
980	astar	697	1459	5925	1998.56	394.479	den005d.map.scen
981	astar	435	1187	3647	681.909	393.982	den005d.map.scen
982	astar	450	1205	3795	683.376	394.74	den005d.map.scen
983	astar	929	1668	7936	1764.99	395.994	den005d.map.scen
984	astar	709	1469	6031	740.904	392.651	den005d.map.scen
985	astar	960	1710	8260	846.361	394.58	den005d.map.scen
986	astar	786	1540	6802	681.932	394.497	den005d.map.scen
987	astar	929	1679	7956	745.342	393.994	den005d.map.scen
988	astar	1109	1868	9610	1031.82	395.479	den005d.map.scen
989	astar	944	1677	8103	1009.16	395.68	den005d.map.scen
990	astar	1032	1785	9015	904.542	397.083	den005d.map.scen
991	astar	1073	1831	9393	1559.2	396.911	den005d.map.scen
992	astar	931	1696	8008	1850.11	397.166	den005d.map.scen
993	astar	759	1519	6549	1785.7	397.74	den005d.map.scen
994	astar	733	1494	6288	1367.58	396.024	den005d.map.scen
995	astar	975	1718	8348	1220.53	398.58	den005d.map.scen
996	astar	973	1728	8334	1446.8	398.722	den005d.map.scen
997	astar	1023	1774	8784	878.386	399.651	den005d.map.scen
998	astar	1023	1779	8825	877.673	398.751	den005d.map.scen
999	astar	1015	1775	8729	781.202	398.065	den005d.map.scen
1000	astar	546	1322	4620	522.542	403.882	den005d.map.scen
1001	astar	984	1749	8433	824.597	402.651	den005d.map.scen
1002	astar	942	1678	8062	865.88	400.266	den005d.map.scen
1003	astar	971	1725	8311	782.831	400.651	den005d.map.scen
1004	astar	1052	1815	9079	1491.52	400.237	den005d.map.scen
1005	astar	1063	1848	9194	2487.86	401.793	den005d.map.scen
1006	astar	901	1684	7722	1925.25	400.45	den005d.map.scen
1007	astar	1095	1867	9570	2235.08	401.811	den005d.map.scen
1008	astar	803	1560	6860	1834.56	401.024	den005d.map.scen
1009	astar	957	1713	8331	820.56	403.083	den005d.map.scen
1010	astar	729	1482	6178	1111.44	405.781	den005d.map.scen
1011	astar	956	1706	8168	827.063	404.751	den005d.map.scen
1012	astar	1050	1815	9097	706.622	405.367	den005d.map.scen
1013	astar	739	1512	6330	713.298	405.781	den005d.map.scen
1014	astar	770	1541	6609	595.12	405.953	den005d.map.scen
1015	astar	1009	1761	8643	742.177	404.166	den005d.map.scen
1016	astar	1019	1762	8760	1077.05	405.367	den005d.map.scen
1017	astar	972	1731	8308	1224.06	404.237	den005d.map.scen
1018	astar	967	1735	8265	1823.95	405.722	den005d.map.scen
1019	astar	900	1645	7781	1388.42	404.183	den005d.map.scen
1020	astar	736	1511	6289	1766.84	410.467	den005d.map.scen
1021	astar	731	1508	6262	692.288	410.811	den005d.map.scen
1022	astar	743	1529	6407	1696.42	408.053	den005d.map.scen
1023	astar	624	1396	5280	728.563	409.71	den005d.map.scen
1024	astar	1062	1830	9074	1012.35	411.55	den005d.map.scen
1025	astar	1074	1855	9375	823.583	411.325	den005d.map.scen
1026	astar	834	1616	7132	748.947	411.68	den005d.map.scen
1027	astar	971	1738	8424	717.453	408.497	den005d.map.scen
1028	astar	1036	1806	9048	932.14	408.84	den005d.map.scen
1029	astar	935	1697	8091	840.029	409.669	den005d.map.scen
1030	astar	876	1645	7523	680.18	413.225	den005d.map.scen
1031	astar	841	1613	7217	1076.13	414.811	den005d.map.scen
1032	astar	932	1724	8052	1845.31	414.266	den005d.map.scen
1033	astar	985	1766	8408	1810.71	413.379	den005d.map.scen
1034	astar	1023	1799	8905	2584.05	415.769	den005d.map.scen
1035	astar	1051	1828	9174	1215.85	413.769	den005d.map.scen
1036	astar	1050	1826	8976	1401.72	414.55	den005d.map.scen
1037	astar	957	1701	8145	1594.01	415.71	den005d.map.scen
1038	astar	909	1709	7929	767.228	415.911	den005d.map.scen
1039	astar	952	1723	8253	723.86	413.083	den005d.map.scen
1040	astar	961	1739	8355	689.109	417.527	den005d.map.scen
1041	astar	670	1467	5757	815.625	416.154	den005d.map.scen
1042	astar	1101	1891	9605	812.809	419.497	den005d.map.scen
1043	astar	971	1751	8411	683.721	418.325	den005d.map.scen
1044	astar	975	1753	8453	768.953	418.84	den005d.map.scen
1045	astar	867	1650	7484	1594.47	419.669	den005d.map.scen
1046	astar	1132	1919	9873	1244.27	417.982	den005d.map.scen
1047	astar	1075	1887	9415	2083.76	417.467	den005d.map.scen
1048	astar	1005	1784	8717	1990.16	416.497	den005d.map.scen
1049	astar	904	1672	7730	939.018	417.396	den005d.map.scen
1050	astar	870	1690	7535	1681.38	421.154	den005d.map.scen
1051	astar	773	1582	6682	793.611	421.74	den005d.map.scen
1052	astar	797	1613	6844	723.613	423.266	den005d.map.scen
1053	astar	948	1754	8186	814.33	423.609	den005d.map.scen
1054	astar	1140	1945	9890	794.526	420.438	den005d.map.scen
1055	astar	1082	1894	9464	762.25	421.396	den005d.map.scen
1056	astar	894	1697	7708	1222.85	422.296	den005d.map.scen
1057	astar	1070	1885	9330	1209.17	422.467	den005d.map.scen
1058	astar	721	1497	6111	1651.67	420.396	den005d.map.scen
1059	astar	1095	1935	9641	1629.36	422.254	den005d.map.scen
1060	astar	1123	1930	9806	1862.45	425.74	den005d.map.scen
1061	astar	919	1756	7969	1686.78	425.497	den005d.map.scen
1062	astar	755	1571	6463	2247.37	425.438	den005d.map.scen
1063	astar	775	1591	6649	754.174	426.609	den005d.map.scen
1064	astar	1028	1820	8924	1108.56	424.669	den005d.map.scen
1065	astar	1108	1924	9674	813.08	424.882	den005d.map.scen
1066	astar	1025	1839	8947	1012.28	424.568	den005d.map.scen
1067	astar	1026	1835	8905	912.832	424.71	den005d.map.scen
1068	astar	1000	1806	8672	1376.11	427.568	den005d.map.scen
1069	astar	971	1767	8413	1131.38	424.497	den005d.map.scen
1070	astar	1040	1821	8939	1339.92	428.982	den005d.map.scen
1071	astar	915	1706	7848	1004.65	430.74	den005d.map.scen
1072	astar	1082	1901	9371	1495.21	429.509	den005d.map.scen
1073	astar	1103	1930	9622	2333.85	430.124	den005d.map.scen
1074	astar	1062	1887	9267	1440.28	430.396	den005d.map.scen
1075	astar	982	1791	8531	1831.71	430.083	den005d.map.scen
1076	astar	1156	2008	10172	1196.04	431.396	den005d.map.scen
1077	astar	845	1661	7329	668.063	429.497	den005d.map.scen
1078	astar	821	1646	7132	716.917	429.497	den005d.map.scen
1079	astar	923	1732	8000	750.105	428.325	den005d.map.scen
1080	astar	983	1809	8519	733.417	432.882	den005d.map.scen
1081	astar	916	1732	7916	892.073	432.396	den005d.map.scen
1082	astar	1207	2077	10633	887.659	433.639	den005d.map.scen
1083	astar	760	1582	6520	617.574	432.225	den005d.map.scen
1084	astar	977	1809	8459	805.948	432.095	den005d.map.scen
1085	astar	913	1749	7879	1943.73	434.68	den005d.map.scen
1086	astar	1157	1997	10156	2398.16	432.811	den005d.map.scen
1087	astar	1129	1977	9866	3165.99	434.953	den005d.map.scen
1088	astar	1048	1877	9103	1826.32	435.882	den005d.map.scen
1089	astar	1007	1854	8774	1007.24	433.024	den005d.map.scen
1090	astar	961	1790	8302	1052.67	439.467	den005d.map.scen
1091	astar	1083	1955	9507	891.625	437.438	den005d.map.scen
1092	astar	813	1651	7005	719.491	436.467	den005d.map.scen
1093	astar	1075	1913	9294	972.132	439.266	den005d.map.scen
1094	astar	1211	2069	10631	1250.85	438.367	den005d.map.scen
1095	astar	1246	2077	10911	938.962	437.154	den005d.map.scen
1096	astar	1174	2043	10326	1896.94	439.124	den005d.map.scen
1097	astar	1068	1902	9292	2190.18	438.053	den005d.map.scen
1098	astar	940	1761	8147	2367.21	438.083	den005d.map.scen
1099	astar	983	1803	8519	2033.07	439.426	den005d.map.scen
1100	astar	1296	2143	11359	979.417	442.811	den005d.map.scen
1101	astar	946	1781	8167	885.458	443.053	den005d.map.scen
1102	astar	988	1833	8551	781.378	441.609	den005d.map.scen
1103	astar	1084	1913	9327	840.331	443.266	den005d.map.scen
1104	astar	1089	1920	9408	769.483	441.438	den005d.map.scen
1105	astar	1178	2041	10331	973.454	442.124	den005d.map.scen
1106	astar	1213	2071	10610	874.904	440.024	den005d.map.scen
1107	astar	996	1825	8642	680.92	441.911	den005d.map.scen
1108	astar	931	1777	8105	1549.48	443.154	den005d.map.scen
1109	astar	771	1606	6652	1011.46	440.669	den005d.map.scen
1110	astar	952	1775	8145	1305.56	446.882	den005d.map.scen
1111	astar	929	1724	7880	2032.58	447.225	den005d.map.scen
1112	astar	903	1760	7804	1828.92	444.68	den005d.map.scen
1113	astar	1118	1952	9678	1252.01	445.538	den005d.map.scen
1114	astar	1049	1939	9197	1520.24	445.266	den005d.map.scen
1115	astar	882	1724	7642	777.477	445.497	den005d.map.scen
1116	astar	763	1608	6580	608.78	444.669	den005d.map.scen
1117	astar	840	1683	7243	668.876	446.568	den005d.map.scen
1118	astar	934	1768	8084	728.667	444.083	den005d.map.scen
1119	astar	758	1600	6512	733.509	446.325	den005d.map.scen
1120	astar	972	1825	8401	725.759	450.124	den005d.map.scen
1121	astar	1102	1959	9558	792.282	450.781	den005d.map.scen
1122	astar	984	1836	8456	1794.35	449.822	den005d.map.scen
1123	astar	1011	1873	8769	3766.15	448.024	den005d.map.scen
1124	astar	1075	1900	9228	2354.09	448.266	den005d.map.scen
1125	astar	1126	1966	9690	1386.85	451.337	den005d.map.scen
1126	astar	799	1647	6899	1577.46	448.083	den005d.map.scen
1127	astar	853	1707	7395	849.259	448.669	den005d.map.scen
1128	astar	709	1569	6125	653.78	449.84	den005d.map.scen
1129	astar	940	1790	8138	687.18	450.982	den005d.map.scen
1130	astar	1020	1871	8793	861.882	455.71	den005d.map.scen
1131	astar	1094	1966	9490	973.69	455.438	den005d.map.scen
1132	astar	1087	1942	9356	905.088	453.065	den005d.map.scen
1133	astar	984	1845	8461	916.721	453.166	den005d.map.scen
1134	astar	1116	1980	9678	1059.97	453.438	den005d.map.scen
1135	astar	1020	1876	8770	1918.74	454.337	den005d.map.scen
1136	astar	922	1789	7977	2064.77	455.053	den005d.map.scen
1137	astar	865	1736	7508	2368.69	454.911	den005d.map.scen
1138	astar	865	1733	7475	1095.4	454.811	den005d.map.scen
1139	astar	1031	1886	8930	2136.01	455.154	den005d.map.scen
1140	astar	1197	2091	10520	894.56	459.74	den005d.map.scen
1141	astar	1182	2072	10379	886.597	459.325	den005d.map.scen
1142	astar	1112	1972	9640	804.279	459.982	den005d.map.scen
1143	astar	1123	1971	9651	956.914	459.68	den005d.map.scen
1144	astar	1125	2007	9746	961.4	457.438	den005d.map.scen
1145	astar	1030	1895	8955	810.764	457.568	den005d.map.scen
1146	astar	868	1718	7460	1082.48	456.497	den005d.map.scen
1147	astar	1046	1919	9084	1974.1	459.396	den005d.map.scen
1148	astar	930	1798	8058	1897.04	456.568	den005d.map.scen
1149	astar	785	1665	6775	2257.87	459.053	den005d.map.scen
1150	astar	976	1829	8385	1260.67	463.154	den005d.map.scen
1151	astar	991	1858	8494	2184.36	460.408	den005d.map.scen
1152	astar	1193	2101	10337	991.911	460.822	den005d.map.scen
1153	astar	1219	2125	10724	909.32	460.053	den005d.map.scen
1154	astar	1131	2036	9912	911.401	462.71	den005d.map.scen
1155	astar	1105	1993	9679	893.947	460.325	den005d.map.scen
1156	astar	687	1579	5925	652.475	461.568	den005d.map.scen
1157	astar	1092	1995	9576	1181.79	463.154	den005d.map.scen
1158	astar	882	1764	7638	1624.81	463.154	den005d.map.scen
1159	astar	874	1764	7576	2517.33	463.225	den005d.map.scen
1160	astar	1090	1982	9446	2950.5	464.509	den005d.map.scen
1161	astar	1095	1964	9424	2276.43	465.266	den005d.map.scen
1162	astar	1090	1952	9426	2027.63	465.568	den005d.map.scen
1163	astar	1093	1972	9446	1284.2	466.024	den005d.map.scen
1164	astar	1156	2069	10025	898.736	467.852	den005d.map.scen
1165	astar	1268	2135	11031	1943.64	466.639	den005d.map.scen
1166	astar	1113	2026	9765	1537.24	467.982	den005d.map.scen
1167	astar	890	1781	7705	1362.11	466.467	den005d.map.scen
1168	astar	1210	2078	10534	845.3	466.497	den005d.map.scen
1169	astar	1191	2114	10471	936.381	465.538	den005d.map.scen
1170	astar	1124	1989	9709	758.783	468.396	den005d.map.scen
1171	astar	1098	1957	9445	697.554	469.467	den005d.map.scen
1172	astar	1189	2128	10461	746.233	469.781	den005d.map.scen
1173	astar	1058	1946	9150	923.939	470.367	den005d.map.scen
1174	astar	1115	2050	9782	782.044	470.609	den005d.map.scen
1175	astar	1253	2184	10960	874.111	469.024	den005d.map.scen
1176	astar	869	1773	7523	604.997	469.296	den005d.map.scen
1177	astar	842	1745	7275	614.81	471.811	den005d.map.scen
1178	astar	753	1668	6480	608.125	470.609	den005d.map.scen
1179	astar	770	1669	6659	609.619	469.669	den005d.map.scen
1180	astar	1267	2209	11082	844.701	473.68	den005d.map.scen
1181	astar	1219	2150	10706	1147.24	473.71	den005d.map.scen
1182	astar	1310	2212	11405	1840.02	473.923	den005d.map.scen
1183	astar	1311	2216	11409	2547	475.751	den005d.map.scen
1184	astar	1310	2205	11445	1496.18	472.053	den005d.map.scen
1185	astar	1153	2061	10031	1929.12	473.609	den005d.map.scen
1186	astar	1246	2158	10849	903.578	474.266	den005d.map.scen
1187	astar	1028	1945	8947	740.682	474.781	den005d.map.scen
1188	astar	927	1828	8042	696.64	473.154	den005d.map.scen
1189	astar	917	1815	7931	602.444	473.639	den005d.map.scen
1190	astar	1233	2180	10839	862.666	477.195	den005d.map.scen
1191	astar	1075	1954	9238	947.82	476.124	den005d.map.scen
1192	astar	846	1729	7179	691.185	479.882	den005d.map.scen
1193	astar	1229	2114	10594	837.95	477.337	den005d.map.scen
1194	astar	1134	2017	9795	748.77	476.053	den005d.map.scen
1195	astar	1227	2108	10564	829.57	478.509	den005d.map.scen
1196	astar	995	1885	8549	710.101	479.225	den005d.map.scen
1197	astar	1155	2034	9910	1040.73	478.68	den005d.map.scen
1198	astar	1289	2164	11108	972.963	477.923	den005d.map.scen
1199	astar	1156	2068	10046	873.465	478.438	den005d.map.scen
1200	astar	1253	2216	11029	1691.58	480.266	den005d.map.scen
1201	astar	967	1855	8267	1491.91	482.296	den005d.map.scen
1202	astar	991	1906	8506	842.462	483.852	den005d.map.scen
1203	astar	866	1771	7397	836.207	483.296	den005d.map.scen
1204	astar	1160	2043	9951	1191.59	482.852	den005d.map.scen
1205	astar	1278	2193	11120	1507.17	481.781	den005d.map.scen
1206	astar	1294	2210	11264	2520.07	483.367	den005d.map.scen
1207	astar	1328	2249	11591	1561.71	482.609	den005d.map.scen
1208	astar	1307	2210	11365	1617.73	481.811	den005d.map.scen
1209	astar	1324	2223	11520	1302.32	480.639	den005d.map.scen
1210	astar	1378	2307	12031	1399.79	487.438	den005d.map.scen
1211	astar	1433	2350	12511	1917.44	484.367	den005d.map.scen
1212	astar	1164	2060	9990	1427.04	486.509	den005d.map.scen
1213	astar	1357	2261	11811	1537.74	487.811	den005d.map.scen
1214	astar	1290	2193	11231	2232.98	485.154	den005d.map.scen
1215	astar	1347	2268	11756	2496.45	485.639	den005d.map.scen
1216	astar	994	1901	8559	1003.84	487.882	den005d.map.scen
1217	astar	1363	2262	11884	997.76	484.74	den005d.map.scen
1218	astar	1360	2259	11827	940.724	486.467	den005d.map.scen
1219	astar	913	1854	7934	681.077	485.467	den005d.map.scen
1220	astar	1435	2353	12509	1150.84	491.71	den005d.map.scen
1221	astar	1018	1964	8832	838.804	490.609	den005d.map.scen
1222	astar	1167	2063	10003	1355.51	488.923	den005d.map.scen
1223	astar	1228	2131	10550	2550.57	489.337	den005d.map.scen
1224	astar	1444	2380	12605	1563.77	491.923	den005d.map.scen
1225	astar	766	1692	6548	2031.93	491.982	den005d.map.scen
1226	astar	1071	1985	9261	2562.68	488.982	den005d.map.scen
1227	astar	853	1790	7398	2717.86	489.497	den005d.map.scen
1228	astar	685	1640	5859	789.388	488.781	den005d.map.scen
1229	astar	757	1709	6542	809.141	490.982	den005d.map.scen
1230	astar	1410	2346	12334	1442.33	492.882	den005d.map.scen
1231	astar	1110	2071	9686	1380.2	494.124	den005d.map.scen
1232	astar	960	1895	8251	1418.42	494.71	den005d.map.scen
1233	astar	1328	2254	11492	1554.53	494.994	den005d.map.scen
1234	astar	1302	2211	11221	2011.27	493.337	den005d.map.scen
1235	astar	1347	2267	11711	8528.99	494.882	den005d.map.scen
1236	astar	1307	2218	11358	1927.13	492.639	den005d.map.scen
1237	astar	1394	2322	12144	1900.78	494.538	den005d.map.scen
1238	astar	1351	2267	11743	2373.21	494.639	den005d.map.scen
1239	astar	752	1721	6497	896.619	494.296	den005d.map.scen
1240	astar	1066	2014	9198	1138.47	498.024	den005d.map.scen
1241	astar	1361	2303	11847	926.241	497.852	den005d.map.scen
1242	astar	920	1849	7897	1821.17	498.639	den005d.map.scen
1243	astar	922	1856	7920	2211.03	498.467	den005d.map.scen
1244	astar	761	1725	6543	1168.18	496.296	den005d.map.scen
1245	astar	861	1819	7419	979.923	498.953	den005d.map.scen
1246	astar	973	1943	8445	2199.83	497.68	den005d.map.scen
1247	astar	1017	1959	8754	1094.1	499.781	den005d.map.scen
1248	astar	739	1713	6359	688.293	499.296	den005d.map.scen
1249	astar	718	1664	6080	739.551	496.71	den005d.map.scen
1250	astar	1265	2202	10924	1528	501.509	den005d.map.scen
1251	astar	1066	2016	9202	1656.14	501.953	den005d.map.scen
1252	astar	1123	2078	9704	2674.59	503.852	den005d.map.scen
1253	astar	1335	2264	11544	1805.59	502.266	den005d.map.scen
1254	astar	1324	2251	11445	1301.91	500.923	den005d.map.scen
1255	astar	1365	2291	11851	953.093	501.053	den005d.map.scen
1256	astar	1330	2289	11553	1128.81	503.923	den005d.map.scen
1257	astar	1338	2289	11627	1321.89	503.68	den005d.map.scen
1258	astar	1447	2391	12609	1058.42	503.781	den005d.map.scen
1259	astar	804	1727	6801	930.8	502.124	den005d.map.scen
1260	astar	1424	2373	12379	2624.38	505.266	den005d.map.scen
1261	astar	1359	2306	11784	1232.03	504.166	den005d.map.scen
1262	astar	1150	2067	9831	2106.41	504.68	den005d.map.scen
1263	astar	1272	2212	10974	2479.12	507.68	den005d.map.scen
1264	astar	1355	2295	11760	1355.88	505.124	den005d.map.scen
1265	astar	1318	2281	11447	3066.61	507.266	den005d.map.scen
1266	astar	1388	2351	12077	1257.32	506.751	den005d.map.scen
1267	astar	1049	1997	9047	1427.9	504.367	den005d.map.scen
1268	astar	779	1776	6702	1012.85	505.095	den005d.map.scen
1269	astar	1031	2011	8963	1948.97	507.124	den005d.map.scen
1270	astar	1290	2239	11139	1336.94	509.68	den005d.map.scen
1271	astar	1025	2007	8879	906.44	509.781	den005d.map.scen
1272	astar	1273	2211	10967	1705.33	510.609	den005d.map.scen
1273	astar	1364	2302	11790	2680.42	508.68	den005d.map.scen
1274	astar	1366	2308	11808	1399.7	510.68	den005d.map.scen
1275	astar	1413	2383	12295	2136.18	510.923	den005d.map.scen
1276	astar	1414	2381	12298	1123.53	508.852	den005d.map.scen
1277	astar	1421	2372	12339	1012.56	509.266	den005d.map.scen
1278	astar	1342	2284	11605	939.998	511.195	den005d.map.scen
1279	astar	1023	1981	8819	907.025	509.781	den005d.map.scen
1280	astar	1297	2245	11167	2399.5	513.923	den005d.map.scen
1281	astar	1298	2261	11205	1190.85	513.822	den005d.map.scen
1282	astar	1294	2255	11183	994.605	512.58	den005d.map.scen
1283	astar	1205	2153	10361	1277.91	513.68	den005d.map.scen
1284	astar	1370	2339	11883	1087.46	513.994	den005d.map.scen
1285	astar	1320	2281	11445	2737.19	513.781	den005d.map.scen
1286	astar	1327	2284	11489	2104.91	515.71	den005d.map.scen
1287	astar	1229	2191	10641	2256.87	514.124	den005d.map.scen
1288	astar	1298	2263	11231	977.449	514.852	den005d.map.scen
1289	astar	1308	2256	11287	889.042	514.781	den005d.map.scen
1290	astar	924	1887	7853	742.885	518.609	den005d.map.scen
1291	astar	1265	2218	10874	872.882	517.509	den005d.map.scen
1292	astar	1108	2101	9629	923.125	518.296	den005d.map.scen
1293	astar	1047	2004	8934	882.858	518.337	den005d.map.scen
1294	astar	1217	2184	10486	2311.04	517.923	den005d.map.scen
1295	astar	1338	2320	11611	3240.76	519.852	den005d.map.scen
1296	astar	1297	2268	11250	1367.02	518.124	den005d.map.scen
1297	astar	1337	2303	11554	1090.89	519.095	den005d.map.scen
1298	astar	1310	2281	11342	1374.64	517.68	den005d.map.scen
1299	astar	1358	2333	11772	1115.8	517.68	den005d.map.scen
1300	astar	1182	2184	10277	1253.76	521.195	den005d.map.scen
1301	astar	1176	2141	10053	2006.19	523.237	den005d.map.scen
1302	astar	1362	2359	11821	1774.47	523.651	den005d.map.scen
1303	astar	1193	2151	10225	2970.41	522.68	den005d.map.scen
1304	astar	1215	2172	10420	1611.73	522.095	den005d.map.scen
1305	astar	1368	2337	11832	2914.91	520.337	den005d.map.scen
1306	astar	1311	2285	11335	1003.55	521.68	den005d.map.scen
1307	astar	1342	2315	11604	900.654	523.438	den005d.map.scen
1308	astar	1325	2302	11478	945.014	520.266	den005d.map.scen
1309	astar	1362	2334	11789	1398.47	521.609	den005d.map.scen
1310	astar	1023	1988	8694	2089.59	525.266	den005d.map.scen
1311	astar	1320	2281	11373	1805.82	525.195	den005d.map.scen
1312	astar	1368	2389	11913	1794.36	527.136	den005d.map.scen
1313	astar	1551	2534	13471	1925.29	524.408	den005d.map.scen
1314	astar	1273	2278	11046	2767.79	527.438	den005d.map.scen
1315	astar	1359	2337	11781	1692.04	524.195	den005d.map.scen
1316	astar	1326	2304	11474	1811.49	524.266	den005d.map.scen
1317	astar	1365	2340	11811	1312.42	524.195	den005d.map.scen
1318	astar	1310	2295	11319	988.772	527.68	den005d.map.scen
1319	astar	1312	2292	11355	949.687	524.367	den005d.map.scen
1320	astar	1263	2245	10895	1523.12	531.953	den005d.map.scen
1321	astar	1214	2195	10417	2144.5	528.408	den005d.map.scen
1322	astar	1385	2410	12058	1612.42	529.379	den005d.map.scen
1323	astar	1229	2217	10563	3156.45	529.822	den005d.map.scen
1324	astar	1240	2232	10660	1435.11	530.065	den005d.map.scen
1325	astar	1369	2358	11869	2208.91	529.024	den005d.map.scen
1326	astar	1340	2333	11616	953.366	529.953	den005d.map.scen
1327	astar	1334	2322	11539	1114.6	529.609	den005d.map.scen
1328	astar	1335	2324	11542	1245.11	529.923	den005d.map.scen
1329	astar	1315	2298	11340	1212.22	531.781	den005d.map.scen
1330	astar	1365	2392	11862	1828.93	535.651	den005d.map.scen
1331	astar	1272	2262	10971	1756.87	532.266	den005d.map.scen
1332	astar	1369	2360	11809	981.794	535.337	den005d.map.scen
1333	astar	1231	2233	10573	3799.07	534.722	den005d.map.scen
1334	astar	1549	2565	13443	2080.68	535.793	den005d.map.scen
1335	astar	1251	2249	10753	2102.31	533.479	den005d.map.scen
1336	astar	1569	2588	13697	1411.61	532.237	den005d.map.scen
1337	astar	1363	2348	11790	1029.33	532.024	den005d.map.scen
1338	astar	1399	2399	12134	948.005	535.024	den005d.map.scen
1339	astar	1344	2346	11632	2012.57	535.852	den005d.map.scen
1340	astar	1234	2242	10633	1439.78	538.024	den005d.map.scen
1341	astar	1271	2265	10965	2897.8	538.367	den005d.map.scen
1342	astar	1336	2340	11516	2523.31	538.065	den005d.map.scen
1343	astar	1305	2301	11265	1835.09	539.609	den005d.map.scen
1344	astar	1396	2399	12086	1368.12	536.438	den005d.map.scen
1345	astar	1355	2363	11723	1015.09	539.923	den005d.map.scen
1346	astar	1348	2354	11660	1129.64	538.923	den005d.map.scen
1347	astar	1353	2366	11719	1438.13	538.095	den005d.map.scen
1348	astar	1342	2353	11645	1740.87	538.367	den005d.map.scen
1349	astar	1317	2334	11391	3933.29	539.923	den005d.map.scen
1350	astar	1375	2422	11960	3123.04	543.479	den005d.map.scen
1351	astar	1411	2425	12221	2449.13	541.68	den005d.map.scen
1352	astar	1387	2394	11986	1067.56	543.509	den005d.map.scen
1353	astar	1357	2364	11724	1254.77	542.266	den005d.map.scen
1354	astar	1362	2382	11790	1182.84	543.095	den005d.map.scen
1355	astar	1361	2366	11745	1250.08	542.68	den005d.map.scen
1356	astar	1315	2334	11351	2484.73	542.822	den005d.map.scen
1357	astar	1315	2326	11360	2328.07	540.337	den005d.map.scen
1358	astar	1322	2324	11387	2664.3	542.852	den005d.map.scen
1359	astar	1322	2341	11415	2306.61	543.166	den005d.map.scen
1360	astar	1385	2408	11990	1106.83	547.852	den005d.map.scen
1361	astar	1408	2447	12225	1289.3	545.065	den005d.map.scen
1362	astar	1360	2383	11783	923.86	545.095	den005d.map.scen
1363	astar	1411	2445	12220	986.175	547.751	den005d.map.scen
1364	astar	1386	2399	11984	1310.09	547.024	den005d.map.scen
1365	astar	1320	2340	11378	1024.98	547.751	den005d.map.scen
1366	astar	1344	2380	11620	2522.97	546.893	den005d.map.scen
1367	astar	1351	2364	11686	1181.32	544.781	den005d.map.scen
1368	astar	1289	2321	11143	3037.26	546.509	den005d.map.scen
1369	astar	1321	2336	11397	2251.54	544.68	den005d.map.scen
1370	astar	1392	2405	12025	2582.06	549.852	den005d.map.scen
1371	astar	1297	2316	11159	1064.06	548.852	den005d.map.scen
1372	astar	1315	2336	11323	990.059	548.68	den005d.map.scen
1373	astar	1373	2428	11934	1221.51	549.479	den005d.map.scen
1374	astar	1403	2421	12148	1464.56	548.195	den005d.map.scen
1375	astar	1337	2356	11523	1503.6	551.852	den005d.map.scen
1376	astar	1319	2354	11436	2181.91	548.095	den005d.map.scen
1377	astar	1326	2367	11467	1202.09	549.822	den005d.map.scen
1378	astar	1322	2353	11409	3158.43	551.923	den005d.map.scen
1379	astar	1330	2358	11476	1900.45	549.509	den005d.map.scen
1380	astar	1327	2396	11530	2348.23	555.479	den005d.map.scen
1381	astar	1379	2455	12012	1262.69	554.479	den005d.map.scen
1382	astar	1306	2326	11244	1305.08	553.438	den005d.map.scen
1383	astar	1185	2210	10136	1407.94	554.408	den005d.map.scen
1384	astar	1407	2442	12172	2198.29	552.337	den005d.map.scen
1385	astar	1344	2391	11664	1583.78	553.266	den005d.map.scen
1386	astar	1390	2429	12013	1306.01	552.408	den005d.map.scen
1387	astar	1338	2390	11590	2999.99	554.509	den005d.map.scen
1388	astar	1353	2408	11717	4016.73	553.58	den005d.map.scen
1389	astar	1325	2357	11439	1143.46	554.852	den005d.map.scen
1390	astar	1374	2397	11821	3196.61	559.095	den005d.map.scen
1391	astar	1323	2394	11481	2465.06	557.822	den005d.map.scen
1392	astar	1329	2362	11435	998.438	556.822	den005d.map.scen
1393	astar	1335	2387	11549	1107.1	557.509	den005d.map.scen
1394	astar	1392	2442	12071	1397.91	558.266	den005d.map.scen
1395	astar	1327	2373	11446	3260.12	559.166	den005d.map.scen
1396	astar	1378	2423	11923	1636.92	557.095	den005d.map.scen
1397	astar	1380	2425	11921	1499.8	559.166	den005d.map.scen
1398	astar	1309	2366	11316	1147.85	559.408	den005d.map.scen
1399	astar	1345	2392	11599	1034.96	557.237	den005d.map.scen
1400	astar	1314	2349	11285	1028.18	563.509	den005d.map.scen
1401	astar	1446	2497	12501	2591.93	562.651	den005d.map.scen
1402	astar	1328	2416	11550	1661.38	560.308	den005d.map.scen
1403	astar	1462	2539	12735	1878.11	561.237	den005d.map.scen
1404	astar	1331	2423	11573	4188.16	562.722	den005d.map.scen
1405	astar	1388	2445	11979	2401.43	561.308	den005d.map.scen
1406	astar	1453	2504	12570	1889.65	563.166	den005d.map.scen
1407	astar	1340	2409	11586	1499.57	563.237	den005d.map.scen
1408	astar	1341	2401	11566	2195.32	560.893	den005d.map.scen
1409	astar	1336	2401	11557	1415.3	560.408	den005d.map.scen
1410	astar	1407	2475	12167	1738.65	566.893	den005d.map.scen
1411	astar	1289	2346	11088	3074.13	566.237	den005d.map.scen
1412	astar	1451	2508	12522	2844.64	567.651	den005d.map.scen
1413	astar	1378	2444	11914	1129.36	564.651	den005d.map.scen
1414	astar	1349	2420	11675	1175.4	565.822	den005d.map.scen
1415	astar	1427	2490	12366	1200.31	566.337	den005d.map.scen
1416	astar	1495	2552	12938	3647.86	566.408	den005d.map.scen
1417	astar	1355	2422	11714	1866.22	564.166	den005d.map.scen
1418	astar	1414	2474	12210	4241.42	566.822	den005d.map.scen
1419	astar	1363	2410	11751	2294.4	564.337	den005d.map.scen
1420	astar	1409	2472	12166	1048.75	568.065	den005d.map.scen
1421	astar	1464	2565	12759	1362.81	570.651	den005d.map.scen
1422	astar	1420	2488	12292	1104.18	568.408	den005d.map.scen
1423	astar	1391	2467	12005	1501.32	570.207	den005d.map.scen
1424	astar	1377	2443	11879	1171.48	571.994	den005d.map.scen
1425	astar	1472	2539	12731	2189.56	570.065	den005d.map.scen
1426	astar	1408	2477	12155	2351.24	570.651	den005d.map.scen
1427	astar	1404	2474	12126	2944.12	569.893	den005d.map.scen
1428	astar	1368	2438	11804	1445.33	569.651	den005d.map.scen
1429	astar	1429	2491	12361	2428.72	568.408	den005d.map.scen
1430	astar	1388	2469	11988	1184.79	572.237	den005d.map.scen
1431	astar	1378	2442	11862	1029.15	572.651	den005d.map.scen
1432	astar	1440	2517	12423	8435.7	575.893	den005d.map.scen
1433	astar	1407	2480	12148	1974.85	572.651	den005d.map.scen
1434	astar	1403	2486	12150	7352.19	572.408	den005d.map.scen
1435	astar	1468	2535	12670	1824.42	572.479	den005d.map.scen
1436	astar	1436	2514	12432	2150.06	572.994	den005d.map.scen
1437	astar	1389	2476	12018	1651.18	573.065	den005d.map.scen
1438	astar	1411	2491	12189	1193.99	574.479	den005d.map.scen
1439	astar	1425	2493	12283	1024.41	573.479	den005d.map.scen
1440	astar	1348	2444	11613	951.615	579.964	den005d.map.scen
1441	astar	1389	2462	11953	970.071	576.893	den005d.map.scen
1442	astar	1487	2563	12833	1054.3	576.722	den005d.map.scen
1443	astar	1418	2504	12215	1136.09	579.964	den005d.map.scen
1444	astar	1437	2518	12412	1016.21	576.308	den005d.map.scen
1445	astar	1499	2579	12961	1078.2	579.58	den005d.map.scen
1446	astar	1443	2526	12472	983.413	579.58	den005d.map.scen
1447	astar	1454	2537	12555	1001.64	579.065	den005d.map.scen
1448	astar	1379	2472	11912	1620.07	578.136	den005d.map.scen
1449	astar	1405	2482	12134	2873.87	577.408	den005d.map.scen
1450	astar	1386	2488	11966	1099.01	582.964	den005d.map.scen
1451	astar	1386	2485	11965	1122.96	582.55	den005d.map.scen
1452	astar	1457	2549	12605	1226.73	581.479	den005d.map.scen
1453	astar	1444	2529	12431	3635.78	583.893	den005d.map.scen
1454	astar	1443	2536	12454	1552.24	583.308	den005d.map.scen
1455	astar	1353	2441	11681	1687.7	580.408	den005d.map.scen
1456	astar	1431	2523	12359	1595.52	581.136	den005d.map.scen
1457	astar	1456	2541	12575	1570.73	581.479	den005d.map.scen
1458	astar	1395	2492	12038	1867.22	581.55	den005d.map.scen
1459	astar	1483	2578	12820	2221.08	583.136	den005d.map.scen
1460	astar	1389	2485	11977	1303.62	584.722	den005d.map.scen
1461	astar	1394	2489	12013	1712.33	585.893	den005d.map.scen
1462	astar	1393	2494	12025	2877.5	584.479	den005d.map.scen
1463	astar	1415	2518	12214	1447.34	586.722	den005d.map.scen
1464	astar	1417	2525	12259	1574.41	586.479	den005d.map.scen
1465	astar	1420	2518	12234	1479.05	587.136	den005d.map.scen
1466	astar	1346	2462	11626	1341.06	587.722	den005d.map.scen
1467	astar	1344	2461	11593	1517.52	586.035	den005d.map.scen
1468	astar	1422	2497	12223	2092.78	585.408	den005d.map.scen
1469	astar	1343	2454	11572	1063.71	585.964	den005d.map.scen
1470	astar	1424	2538	12260	1830.56	591.864	den005d.map.scen
1471	astar	1393	2505	12012	2658.44	590.379	den005d.map.scen
1472	astar	1350	2464	11648	1244.09	590.893	den005d.map.scen
1473	astar	1349	2459	11645	1681.95	588.479	den005d.map.scen
1474	astar	1436	2578	12409	1259.65	588.964	den005d.map.scen
1475	astar	1339	2450	11540	1026.74	589.065	den005d.map.scen
1476	astar	1429	2556	12369	1238.2	589.55	den005d.map.scen
1477	astar	1389	2508	11994	1153.15	591.722	den005d.map.scen
1478	astar	1352	2471	11667	1455	588.379	den005d.map.scen
1479	astar	1350	2487	11659	2045.98	591.964	den005d.map.scen
1480	astar	1407	2525	12113	1223.89	594.793	den005d.map.scen
1481	astar	1398	2544	12081	3496.02	595.035	den005d.map.scen
1482	astar	1465	2600	12688	1944.69	594.379	den005d.map.scen
1483	astar	1349	2475	11637	2073.88	592.793	den005d.map.scen
1484	astar	1354	2478	11670	1040.07	595.722	den005d.map.scen
1485	astar	1363	2483	11749	1198.42	593.722	den005d.map.scen
1486	astar	1359	2488	11720	1007.4	592.621	den005d.map.scen
1487	astar	1331	2459	11445	901.676	595.278	den005d.map.scen
1488	astar	1321	2450	11376	1274.03	592.45	den005d.map.scen
1489	astar	1340	2461	11543	2307.39	593.308	den005d.map.scen
1490	astar	1398	2528	12026	2854.33	599.278	den005d.map.scen
1491	astar	1395	2524	12013	2076.16	597.035	den005d.map.scen
1492	astar	1430	2568	12359	1723.8	598.964	den005d.map.scen
1493	astar	1405	2539	12108	1165.94	597.207	den005d.map.scen
1494	astar	1429	2580	12324	1148.38	597.864	den005d.map.scen
1495	astar	1345	2478	11586	979.632	599.136	den005d.map.scen
1496	astar	1372	2533	11839	1044.92	599.864	den005d.map.scen
1497	astar	1458	2594	12598	1141.2	596.45	den005d.map.scen
1498	astar	1373	2522	11834	1210.59	599.136	den005d.map.scen
1499	astar	1429	2563	12342	2166.01	599.308	den005d.map.scen
1500	astar	1350	2489	11623	2337.3	600.864	den005d.map.scen
1501	astar	1348	2460	11537	3661.42	602.964	den005d.map.scen
1502	astar	1326	2480	11412	2278.13	601.592	den005d.map.scen
1503	astar	1354	2506	11674	1734.83	601.521	den005d.map.scen
1504	astar	1348	2490	11598	1698.31	600.692	den005d.map.scen
1505	astar	1407	2559	12146	1654.01	602.621	den005d.map.scen
1506	astar	1468	2620	12649	2450.89	602.935	den005d.map.scen
1507	astar	1449	2599	12502	2189.41	602.521	den005d.map.scen
1508	astar	1358	2495	11697	2704.99	600.964	den005d.map.scen
1509	astar	1371	2509	11799	2076.95	603.964	den005d.map.scen
1510	astar	1358	2520	11704	1735.53	605.935	den005d.map.scen
1511	astar	1356	2502	11672	1536.21	605.207	den005d.map.scen
1512	astar	1398	2546	12036	1374.21	604.935	den005d.map.scen
1513	astar	1351	2499	11615	1087.88	605.864	den005d.map.scen
1514	astar	1432	2578	12328	1035.65	607.864	den005d.map.scen
1515	astar	1385	2525	11897	1217.47	604.521	den005d.map.scen
