id	alg	expd	gend	touched	time	cost	sfile
0	astar	26	49	220	44.2	28.5562	den005d.map.scen
1	astar	30	65	271	37.87	19.6568	den005d.map.scen
2	astar	0	0	1	0.535	0	den005d.map.scen
3	astar	11	29	93	18.236	18.3136	den005d.map.scen
4	astar	32	64	274	31.094	29.9704	den005d.map.scen
5	astar	26	55	226	28.296	22	den005d.map.scen
6	astar	0	0	1	0.683	0	den005d.map.scen
7	astar	5	20	46	8.415	14	den005d.map.scen
8	astar	2	10	16	4.353	3.8284	den005d.map.scen
9	astar	2	8	14	4.559	11.4852	den005d.map.scen
10	astar	28	43	219	33.535	40	den005d.map.scen
11	astar	59	81	490	46.311	36.9704	den005d.map.scen
12	astar	118	176	1033	138.203	52.4556	den005d.map.scen
13	astar	112	171	993	114.772	49.7278	den005d.map.scen
14	astar	178	270	1603	199.426	52.0414	den005d.map.scen
15	astar	107	146	914	85.089	53.6982	den005d.map.scen
16	astar	61	107	538	69.717	32.071	den005d.map.scen
17	astar	82	100	666	79.235	55.5976	den005d.map.scen
18	astar	45	65	367	39.772	34.7278	den005d.map.scen
19	astar	31	63	272	48.112	25.3846	den005d.map.scen
20	astar	228	294	1972	183.41	75.7692	den005d.map.scen
21	astar	127	175	1094	82.132	46.5562	den005d.map.scen
22	astar	242	316	2122	200.828	71.1124	den005d.map.scen
23	astar	83	117	689	91.156	54.8402	den005d.map.scen
24	astar	298	401	2658	287.32	80.284	den005d.map.scen
25	astar	166	226	1434	129.123	56.5266	den005d.map.scen
26	astar	122	178	1089	118.867	47.6568	den005d.map.scen
27	astar	154	223	1364	117.683	62.6982	den005d.map.scen
28	astar	67	97	557	65.262	51.1124	den005d.map.scen
29	astar	75	94	601	58.209	63.355	den005d.map.scen
30	astar	413	496	3587	285.217	104.467	den005d.map.scen
31	astar	229	281	1958	164.76	75.9408	den005d.map.scen
32	astar	470	566	4004	328.151	108.083	den005d.map.scen
33	astar	243	292	2001	226.603	110.284	den005d.map.scen
34	astar	130	159	1041	127.405	94.0828	den005d.map.scen
35	astar	163	183	1333	141.387	101.124	den005d.map.scen
36	astar	378	441	3235	389.495	97.0828	den005d.map.scen
37	astar	247	336	2208	225.923	71.1834	den005d.map.scen
38	astar	388	485	3432	257.017	98.5976	den005d.map.scen
39	astar	291	393	2600	215.738	78.5266	den005d.map.scen
40	astar	94	120	739	73.352	93.5976	den005d.map.scen
41	astar	129	162	1028	93.024	118.426	den005d.map.scen
42	astar	292	358	2493	354.839	91.5976	den005d.map.scen
43	astar	352	408	2859	618.336	152.296	den005d.map.scen
44	astar	263	334	2273	847.381	110.527	den005d.map.scen
45	astar	207	235	1691	410.593	94.2248	den005d.map.scen
46	astar	385	461	3238	772.389	133.74	den005d.map.scen
47	astar	327	400	2837	331.538	70.7988	den005d.map.scen
48	astar	467	536	4010	346.624	103.982	den005d.map.scen
49	astar	342	423	2971	307.987	89.426	den005d.map.scen
50	astar	228	274	1894	203.842	104.396	den005d.map.scen
51	astar	502	605	4343	396.874	124.781	den005d.map.scen
52	astar	373	442	3162	348.829	114.953	den005d.map.scen
53	astar	504	567	4274	632.358	139.467	den005d.map.scen
54	astar	422	522	3645	456.644	103.811	den005d.map.scen
55	astar	332	403	2775	336.763	119.953	den005d.map.scen
56	astar	499	555	4065	496.525	180.337	den005d.map.scen
57	astar	312	362	2550	321.142	144.154	den005d.map.scen
58	astar	176	211	1397	168.821	144.751	den005d.map.scen
59	astar	306	357	2449	301.915	190.852	den005d.map.scen
60	astar	642	711	5529	450.283	125.467	den005d.map.scen
61	astar	483	542	4101	310.44	142.467	den005d.map.scen
62	astar	323	354	2586	234.646	125.538	den005d.map.scen
63	astar	576	681	4879	412.879	166.053	den005d.map.scen
64	astar	647	726	5502	406.101	132.467	den005d.map.scen
65	astar	351	423	2977	193.447	113.225	den005d.map.scen
66	astar	457	497	3694	310.841	209.811	den005d.map.scen
67	astar	336	386	2737	285.572	148.953	den005d.map.scen
68	astar	409	456	3304	261.238	150.124	den005d.map.scen
69	astar	514	594	4334	423.99	145.781	den005d.map.scen
70	astar	862	914	7317	699.474	169.479	den005d.map.scen
71	astar	930	1043	7823	638.539	197.68	den005d.map.scen
72	astar	876	947	7406	534.16	181.852	den005d.map.scen
73	astar	624	708	5169	398.825	180.639	den005d.map.scen
74	astar	515	576	4186	320.323	186.68	den005d.map.scen
75	astar	576	646	4707	300.767	189.266	den005d.map.scen
76	astar	310	333	2474	168.861	184.621	den005d.map.scen
77	astar	870	927	7380	584.203	164.509	den005d.map.scen
78	astar	992	1049	8358	594.265	198.166	den005d.map.scen
79	astar	540	631	4541	462.42	156.467	den005d.map.scen
80	astar	922	962	7643	833.032	190.296	den005d.map.scen
81	astar	922	1014	7824	1053.8	173.935	den005d.map.scen
82	astar	1124	1159	9419	1251.2	229.663	den005d.map.scen
83	astar	1331	1455	11300	2325.85	233.893	den005d.map.scen
84	astar	948	1069	8033	1442.61	202.568	den005d.map.scen
85	astar	815	869	6825	785.852	175.024	den005d.map.scen
86	astar	680	778	5662	563.8	185.609	den005d.map.scen
87	astar	728	760	5852	470.388	209.651	den005d.map.scen
88	astar	575	638	4659	388.526	191.408	den005d.map.scen
89	astar	678	753	5479	603.446	213.325	den005d.map.scen
90	astar	967	986	8068	727.705	249.509	den005d.map.scen
91	astar	878	941	7300	582.509	195.538	den005d.map.scen
92	astar	1255	1364	10342	793.314	248.964	den005d.map.scen
93	astar	1136	1236	9543	765.452	220.923	den005d.map.scen
94	astar	1059	1117	8723	669.723	231.964	den005d.map.scen
95	astar	939	1024	7801	570.247	232.751	den005d.map.scen
96	astar	1122	1212	9270	672.455	253.55	den005d.map.scen
97	astar	614	704	5016	423.66	221.166	den005d.map.scen
98	astar	602	656	4877	423.975	200.278	den005d.map.scen
99	astar	1077	1157	8678	880.931	273.337	den005d.map.scen
100	astar	1176	1222	9728	978.054	264.722	den005d.map.scen
101	astar	701	771	5901	474.029	189.822	den005d.map.scen
102	astar	1033	1075	8508	574.2	272.118	den005d.map.scen
103	astar	1353	1490	11385	1045.62	251.923	den005d.map.scen
104	astar	1466	1564	12266	1320.41	256.077	den005d.map.scen
105	astar	1161	1274	9596	931.528	248.166	den005d.map.scen
106	astar	1230	1334	10049	1006.56	293.035	den005d.map.scen
107	astar	873	935	7051	528.021	264.361	den005d.map.scen
108	astar	929	988	7473	483.381	283.621	den005d.map.scen
109	astar	1193	1260	10008	958.825	252.852	den005d.map.scen
110	astar	1258	1304	10414	789.517	304.905	den005d.map.scen
111	astar	1171	1217	9672	814.145	242.308	den005d.map.scen
112	astar	1433	1565	11974	1092.11	268.793	den005d.map.scen
113	astar	1142	1208	9493	721.254	228.207	den005d.map.scen
114	astar	1353	1449	11094	821.926	275.994	den005d.map.scen
115	astar	1163	1254	9575	701.189	251.592	den005d.map.scen
116	astar	949	1067	7743	664.022	281.722	den005d.map.scen
117	astar	1214	1334	9920	754.348	281.308	den005d.map.scen
118	astar	899	1008	7365	540.116	265.319	den005d.map.scen
119	astar	842	923	6809	542.49	244.55	den005d.map.scen
120	astar	1057	1109	8712	829.974	280.248	den005d.map.scen
121	astar	1188	1236	9839	783.204	258.692	den005d.map.scen
122	astar	1218	1261	10087	775.062	252.278	den005d.map.scen
123	astar	803	832	6378	504.57	350.633	den005d.map.scen
124	astar	1878	2011	15703	1654.25	296.248	den005d.map.scen
125	astar	2314	2485	19343	1864.51	325.047	den005d.map.scen
126	astar	1503	1620	12469	1105.42	275.006	den005d.map.scen
127	astar	1569	1730	12984	1031.38	322.521	den005d.map.scen
128	astar	1006	1048	8156	609.265	350.461	den005d.map.scen
129	astar	1552	1665	12600	1027.36	322.574	den005d.map.scen
130	astar	1250	1325	10524	724.436	313.958	den005d.map.scen
131	astar	2063	2187	17219	1366.15	337.461	den005d.map.scen
132	astar	1940	2027	16182	1249.48	310.089	den005d.map.scen
133	astar	1506	1652	12402	1443.34	287.42	den005d.map.scen
134	astar	1907	2103	15710	1399.97	320.633	den005d.map.scen
135	astar	1775	1872	14568	1613.65	307.734	den005d.map.scen
136	astar	1498	1606	12360	1032.75	272.136	den005d.map.scen
137	astar	1612	1749	13289	1170.93	310.402	den005d.map.scen
138	astar	1122	1159	9388	756.64	319.059	den005d.map.scen
139	astar	1138	1180	9531	656.403	278.834	den005d.map.scen
140	astar	1257	1313	10406	776.227	314.248	den005d.map.scen
141	astar	1385	1436	11480	750.484	341.059	den005d.map.scen
142	astar	1784	1835	14947	1072.35	342.361	den005d.map.scen
143	astar	2087	2209	17520	1332.09	324.018	den005d.map.scen
144	astar	2557	2659	21151	4415.86	411.432	den005d.map.scen
145	astar	2664	2809	22129	4818.76	376.331	den005d.map.scen
146	astar	1836	1999	15262	3798.68	313.745	den005d.map.scen
147	astar	2205	2371	18513	2674.8	325.805	den005d.map.scen
148	astar	2529	2721	21031	2289.63	349.905	den005d.map.scen
149	astar	2184	2380	18097	4173.03	363.976	den005d.map.scen
150	astar	2475	2658	20654	2951.21	346.947	den005d.map.scen
151	astar	2257	2433	18993	2823.91	326.077	den005d.map.scen
152	astar	2109	2245	17555	2662.21	334.047	den005d.map.scen
153	astar	1676	1808	13818	2874.73	303.603	den005d.map.scen
154	astar	1938	2126	15923	2147.45	370.947	den005d.map.scen
155	astar	1631	1823	13552	1851.66	317.089	den005d.map.scen
156	astar	985	1029	7958	815.645	382.674	den005d.map.scen
157	astar	1614	1700	12935	1413.52	396.603	den005d.map.scen
158	astar	1996	2136	16668	1509.72	310.207	den005d.map.scen
159	astar	2586	2822	21573	4026.68	350.775	den005d.map.scen
160	astar	1361	1410	11284	1662.64	366.473	den005d.map.scen
161	astar	1717	1787	14275	2978.99	401.201	den005d.map.scen
162	astar	1548	1606	12874	1928.7	361.958	den005d.map.scen
163	astar	1635	1690	13668	1555.88	378.846	den005d.map.scen
164	astar	2162	2270	18070	2567.85	461.313	den005d.map.scen
165	astar	2779	2922	23168	4743.95	365.402	den005d.map.scen
166	astar	3025	3194	25089	5151.38	395.231	den005d.map.scen
167	astar	2342	2555	19506	4935.87	354.219	den005d.map.scen
168	astar	2505	2643	20512	2833.58	420.373	den005d.map.scen
169	astar	2071	2158	16633	1923.55	400.444	den005d.map.scen
170	astar	2563	2689	21253	3598.87	400.16	den005d.map.scen
171	astar	2822	2989	23530	4359.64	377.958	den005d.map.scen
172	astar	2345	2534	19476	2391.46	371.059	den005d.map.scen
173	astar	1799	1870	14718	1114.54	386.373	den005d.map.scen
174	astar	2220	2318	17979	1557.3	477.627	den005d.map.scen
175	astar	1189	1251	9498	750.413	410.858	den005d.map.scen
176	astar	1956	2010	16300	1459.8	387.414	den005d.map.scen
177	astar	2676	2824	22148	2858.12	410.42	den005d.map.scen
178	astar	2958	3110	24528	3796.91	418.745	den005d.map.scen
179	astar	2946	3122	24597	4659.83	390.059	den005d.map.scen
180	astar	1817	1912	15082	1954.97	395.059	den005d.map.scen
181	astar	2138	2226	17812	1755.61	444.112	den005d.map.scen
182	astar	2018	2100	16736	1239.74	408.686	den005d.map.scen
183	astar	1902	1989	15786	1548.48	448.787	den005d.map.scen
184	astar	1778	1866	14800	1448.85	374.13	den005d.map.scen
185	astar	2098	2187	17392	4740.64	413.219	den005d.map.scen
186	astar	1325	1379	10588	1731.77	448.988	den005d.map.scen
187	astar	1603	1667	13484	1706.23	390.775	den005d.map.scen
188	astar	1777	1827	14902	1582.68	420.302	den005d.map.scen
189	astar	3854	4081	32233	3210.33	422.118	den005d.map.scen
190	astar	1995	2105	16634	2030.87	410.089	den005d.map.scen
191	astar	2274	2325	18864	3455.9	495.396	den005d.map.scen
192	astar	2288	2387	18934	2391.86	408.704	den005d.map.scen
193	astar	1664	1740	13824	2782.12	449.485	den005d.map.scen
194	astar	2247	2354	18677	2129.2	461.858	den005d.map.scen
195	astar	2245	2338	18756	1667.63	462.213	den005d.map.scen
196	astar	2419	2513	20226	1471.92	429.816	den005d.map.scen
197	astar	3928	4094	32457	3850.52	461.302	den005d.map.scen
198	astar	3755	3978	31400	6743.53	439.917	den005d.map.scen
199	astar	3487	3671	28884	3587.71	430.473	den005d.map.scen
200	astar	2214	2305	18386	1275.09	509.284	den005d.map.scen
201	astar	1996	2056	16574	1133	450.988	den005d.map.scen
202	astar	2508	2592	20908	1990.19	473.343	den005d.map.scen
203	astar	3423	3602	28425	5208.72	484.858	den005d.map.scen
204	astar	3925	4114	32698	6249.2	495.219	den005d.map.scen
205	astar	3516	3649	29008	2365.5	466.384	den005d.map.scen
206	astar	3091	3309	26022	2771.28	384.302	den005d.map.scen
207	astar	1685	1763	13808	2192.28	478	den005d.map.scen
208	astar	2808	2942	22647	4356.9	501.597	den005d.map.scen
209	astar	2747	2866	22087	2801.87	481.899	den005d.map.scen
210	astar	3086	3191	25620	2135.78	524.952	den005d.map.scen
211	astar	4489	4674	37407	2877	506.899	den005d.map.scen
212	astar	4152	4300	34337	4095.49	508.657	den005d.map.scen
213	astar	3577	3772	29722	5178.98	479.373	den005d.map.scen
214	astar	3175	3319	26210	2820.25	431.917	den005d.map.scen
215	astar	2839	2921	22915	1689.49	516.698	den005d.map.scen
216	astar	2078	2171	16724	1105.03	510.757	den005d.map.scen
217	astar	1708	1797	13718	935.4	547.225	den005d.map.scen
218	astar	2174	2240	18036	1203.57	491.313	den005d.map.scen
219	astar	2251	2333	18797	2324	490.171	den005d.map.scen
220	astar	2157	2261	18000	2819.77	521.213	den005d.map.scen
221	astar	2216	2313	18368	3457.6	537.426	den005d.map.scen
222	astar	2362	2475	19577	2442.98	549.154	den005d.map.scen
223	astar	3503	3685	29143	2807.84	555.455	den005d.map.scen
224	astar	4609	4771	38135	3372.36	528.71	den005d.map.scen
225	astar	4153	4372	34614	4955.63	495.414	den005d.map.scen
226	astar	2778	2936	23038	5430.88	466.958	den005d.map.scen
227	astar	2131	2233	17534	2183.74	534.87	den005d.map.scen
228	astar	1543	1608	12610	964.343	555.657	den005d.map.scen
229	astar	3111	3212	25095	2278.56	559.065	den005d.map.scen
230	astar	2327	2434	19457	2760.28	523.586	den005d.map.scen
231	astar	2770	2860	23126	3075.56	571.124	den005d.map.scen
232	astar	3714	3867	30733	5413.29	602.467	den005d.map.scen
233	astar	3191	3290	25787	3154.84	577.597	den005d.map.scen
234	astar	2422	2519	19706	1472.49	453.603	den005d.map.scen
235	astar	2619	2713	21279	2231.37	530.716	den005d.map.scen
236	astar	2243	2368	18061	3073.29	514.586	den005d.map.scen
237	astar	2437	2522	20372	1989.11	533.668	den005d.map.scen
238	astar	2733	2881	22675	4407.77	574.112	den005d.map.scen
239	astar	2910	3020	24093	2524.47	538.213	den005d.map.scen
240	astar	2369	2479	19639	1367.04	574.041	den005d.map.scen
241	astar	2618	2680	21595	1612.8	607.911	den005d.map.scen
242	astar	2571	2640	20742	2194.03	622.852	den005d.map.scen
243	astar	1971	2054	15874	2414.79	531.757	den005d.map.scen
244	astar	2552	2634	20717	3698.33	623.509	den005d.map.scen
245	astar	2062	2127	17091	1692.19	485.231	den005d.map.scen
246	astar	2750	2874	22769	2010.25	587.739	den005d.map.scen
247	astar	2876	3008	23862	1676.14	598.81	den005d.map.scen
248	astar	4870	4994	40329	3332.57	591.799	den005d.map.scen
249	astar	5027	5150	41631	8557.24	548.029	den005d.map.scen
250	astar	2539	2641	20928	2212.25	572.438	den005d.map.scen
251	astar	2959	3028	24299	1756.46	583.852	den005d.map.scen
252	astar	2070	2167	16656	1112.2	537.444	den005d.map.scen
253	astar	3032	3165	25160	1793.22	563.899	den005d.map.scen
254	astar	2923	3017	24307	2220.58	626.325	den005d.map.scen
255	astar	3095	3251	25646	7526.43	577.952	den005d.map.scen
256	astar	3584	3693	29567	3308.84	620.81	den005d.map.scen
257	astar	3331	3495	27563	2416.73	563.71	den005d.map.scen
258	astar	4677	4814	38646	4218.34	589.509	den005d.map.scen
259	astar	5044	5146	41858	8577.4	585.124	den005d.map.scen
260	astar	2916	2976	23952	2011.86	649.509	den005d.map.scen
261	astar	2929	3008	24116	1674.2	619	den005d.map.scen
262	astar	2610	2727	21600	1707.36	640.426	den005d.map.scen
263	astar	2868	3005	23770	4021.93	559.112	den005d.map.scen
264	astar	3269	3364	27049	4815.47	591.97	den005d.map.scen
265	astar	3860	3981	31862	3371.47	529.515	den005d.map.scen
266	astar	4431	4595	36677	3228.09	578.254	den005d.map.scen
267	astar	4419	4549	36506	3797.14	569.142	den005d.map.scen
268	astar	5656	5745	46752	9346.91	610.142	den005d.map.scen
269	astar	2827	2994	23232	2330.94	641.195	den005d.map.scen
270	astar	3263	3320	26775	2165.01	572.982	den005d.map.scen
271	astar	2840	2889	23325	2944.03	634.307	den005d.map.scen
272	astar	2735	2804	22566	3505.74	589.639	den005d.map.scen
273	astar	3074	3149	25297	3703.79	569.597	den005d.map.scen
274	astar	3175	3347	26412	2586.14	663.621	den005d.map.scen
275	astar	3181	3368	26477	1880.35	610.426	den005d.map.scen
276	astar	3766	3968	31405	2774.98	654.195	den005d.map.scen
277	astar	3476	3639	28970	5472.27	603.728	den005d.map.scen
278	astar	5812	5891	47911	6622.58	667.509	den005d.map.scen
279	astar	5782	5875	47787	3956.22	656.083	den005d.map.scen
280	astar	3442	3516	28282	3245.94	708.58	den005d.map.scen
281	astar	3156	3221	25938	3579.77	619.177	den005d.map.scen
282	astar	3573	3672	29262	3559.19	644.639	den005d.map.scen
283	astar	5354	5481	44325	3427.59	619.881	den005d.map.scen
284	astar	5544	5662	45790	3970.53	661.55	den005d.map.scen
285	astar	5950	6021	49071	7505.63	720.881	den005d.map.scen
286	astar	4013	4224	33436	3434.85	755.994	den005d.map.scen
287	astar	3659	3778	29597	2434.25	615.236	den005d.map.scen
288	astar	3961	4098	32112	2656.81	684.52	den005d.map.scen
289	astar	3969	4106	32175	5413.87	697.367	den005d.map.scen
290	astar	3431	3528	28127	3774.76	626.325	den005d.map.scen
291	astar	3271	3334	26900	2545.41	652.509	den005d.map.scen
292	astar	3695	3786	30223	2368.54	654.751	den005d.map.scen
293	astar	2743	2850	22117	2056.81	683.976	den005d.map.scen
294	astar	3523	3642	29067	4204.93	626.52	den005d.map.scen
295	astar	5261	5354	43467	7387.6	703.722	den005d.map.scen
296	astar	5709	5787	47085	4090.07	725.509	den005d.map.scen
297	astar	4211	4317	34210	5261.22	702.165	den005d.map.scen
298	astar	4007	4153	32596	4145.83	654.609	den005d.map.scen
299	astar	4583	4764	37401	6271.4	709.633	den005d.map.scen
300	astar	3225	3285	26466	3497.94	642.68	den005d.map.scen
301	astar	3808	3919	31230	4255.35	690.722	den005d.map.scen
302	astar	3378	3484	27803	3847.76	698.248	den005d.map.scen
303	astar	3474	3566	28022	3150.86	752.29	den005d.map.scen
304	astar	3313	3429	26828	2020.1	755.124	den005d.map.scen
305	astar	3121	3212	25146	1802.25	744.378	den005d.map.scen
306	astar	3374	3470	27871	4217.74	668.136	den005d.map.scen
307	astar	3853	4000	31856	5024.23	688.651	den005d.map.scen
308	astar	6197	6268	51109	4495.24	722.408	den005d.map.scen
309	astar	5915	6013	48899	5126.8	693.065	den005d.map.scen
310	astar	3871	3995	31688	3382.44	744.266	den005d.map.scen
311	astar	3677	3800	30123	3758.26	729.775	den005d.map.scen
312	astar	3750	3900	30863	2229.02	721.71	den005d.map.scen
313	astar	3748	3870	30391	2151.24	771.68	den005d.map.scen
314	astar	6033	6129	49831	5952.72	753.077	den005d.map.scen
315	astar	6040	6113	49765	6471.95	764.864	den005d.map.scen
316	astar	6014	6124	49619	3970.51	723.763	den005d.map.scen
317	astar	5987	6064	49382	5254.13	778.875	den005d.map.scen
318	astar	5745	5841	47423	7261.94	652.81	den005d.map.scen
319	astar	5786	5860	47690	4113.23	824.544	den005d.map.scen
320	astar	4944	5050	41014	5661.39	731.751	den005d.map.scen
321	astar	5397	5465	44504	5588.97	774.704	den005d.map.scen
322	astar	5568	5695	46057	5065.66	795.733	den005d.map.scen
323	astar	6515	6606	53749	5787.7	783.988	den005d.map.scen
324	astar	6419	6519	52958	7120.67	771.236	den005d.map.scen
325	astar	5888	5960	48546	4083.41	813.875	den005d.map.scen
326	astar	3574	3705	29419	2760.27	745.704	den005d.map.scen
327	astar	4767	4858	38759	6289.59	781.077	den005d.map.scen
328	astar	4862	5008	39676	3789.07	743.55	den005d.map.scen
329	astar	3965	4015	32013	2238.18	785.834	den005d.map.scen
330	astar	3840	3963	31549	2300.26	719.793	den005d.map.scen
331	astar	4163	4292	34330	4103.05	776.047	den005d.map.scen
332	astar	3569	3705	29363	3845.28	751.083	den005d.map.scen
333	astar	3918	4022	32194	3000.72	762.378	den005d.map.scen
334	astar	4227	4316	34525	2452.13	741.881	den005d.map.scen
335	astar	4239	4381	34916	2427.48	820.562	den005d.map.scen
336	astar	4187	4339	34618	4269.92	718.994	den005d.map.scen
337	astar	6075	6180	50205	7926.11	715.449	den005d.map.scen
338	astar	4866	4943	39660	3628.51	740.722	den005d.map.scen
339	astar	5136	5202	41803	4921.39	797.988	den005d.map.scen
340	astar	3690	3816	30351	3031.98	762.562	den005d.map.scen
341	astar	3606	3740	29696	3803.01	733.875	den005d.map.scen
342	astar	4780	4917	39136	4421.34	846.633	den005d.map.scen
343	astar	4025	4202	32887	2675.61	801.864	den005d.map.scen
344	astar	4709	4885	38449	4308.69	882.142	den005d.map.scen
345	astar	4955	5086	41215	6073.29	760.118	den005d.map.scen
346	astar	5208	5341	43122	3263.41	772.662	den005d.map.scen
347	astar	6811	6896	56198	4522.75	803.716	den005d.map.scen
348	astar	7113	7185	58605	8455.73	837.692	den005d.map.scen
349	astar	6216	6318	51280	4438.47	781.935	den005d.map.scen
350	astar	4644	4811	37883	4017.99	846.976	den005d.map.scen
351	astar	5340	5389	44035	6357.66	842.716	den005d.map.scen
352	astar	5663	5738	46648	3984.19	866.514	den005d.map.scen
353	astar	6861	6962	56617	4425.22	797.852	den005d.map.scen
354	astar	5272	5353	42841	5016.3	862.242	den005d.map.scen
355	astar	5344	5460	43619	5297.59	804.727	den005d.map.scen
356	astar	5392	5507	43979	3191.24	791.568	den005d.map.scen
357	astar	4178	4216	33741	2342.8	854.828	den005d.map.scen
358	astar	3958	4015	31983	4059.65	833.118	den005d.map.scen
359	astar	5213	5292	43074	5781.47	754.834	den005d.map.scen
360	astar	5998	6095	49579	4248.44	877.13	den005d.map.scen
361	astar	7095	7197	58580	6276.2	815.088	den005d.map.scen
362	astar	6547	6640	54004	7544.32	773.319	den005d.map.scen
363	astar	6794	6892	56086	4349.9	846.26	den005d.map.scen
364	astar	7076	7216	58469	7230.17	898.798	den005d.map.scen
365	astar	7022	7151	58003	6010.79	869.136	den005d.map.scen
366	astar	6529	6619	53871	4016.21	795.864	den005d.map.scen
367	astar	6717	6765	55272	8473.58	823.745	den005d.map.scen
368	astar	5543	5612	45693	4083.18	860.414	den005d.map.scen
369	astar	4963	5101	41178	2915.08	807.864	den005d.map.scen
370	astar	4952	5106	40864	4256.69	820.349	den005d.map.scen
371	astar	4625	4765	37889	5579.76	887.917	den005d.map.scen
372	astar	4555	4707	37581	3317.29	843.118	den005d.map.scen
373	astar	5047	5128	41140	2882.93	843.029	den005d.map.scen
374	astar	5251	5399	43264	3537.75	845.432	den005d.map.scen
375	astar	4348	4415	35153	4409.52	854.917	den005d.map.scen
376	astar	5109	5221	42208	5175.92	861.106	den005d.map.scen
377	astar	5724	5870	47357	3505.67	857.017	den005d.map.scen
378	astar	6009	6088	49581	6105.19	916.828	den005d.map.scen
379	astar	6280	6365	51847	5824.63	877.645	den005d.map.scen
380	astar	5591	5750	45634	5148.07	912.473	den005d.map.scen
381	astar	4390	4476	35566	3747.63	843.236	den005d.map.scen
382	astar	5668	5738	46698	6994.95	886.242	den005d.map.scen
383	astar	5911	5999	48743	3963.77	933.13	den005d.map.scen
384	astar	5673	5788	46874	3465.97	855.177	den005d.map.scen
385	astar	5979	6074	49313	7583.51	894.917	den005d.map.scen
386	astar	6020	6126	49658	4703.1	863.775	den005d.map.scen
387	astar	7213	7293	59431	4714.94	854.775	den005d.map.scen
388	astar	7558	7741	62451	9479.95	845.905	den005d.map.scen
389	astar	7215	7358	59528	4839.07	838.615	den005d.map.scen
390	astar	5331	5528	43639	4296.04	900.929	den005d.map.scen
391	astar	5537	5619	45775	5675.91	837.686	den005d.map.scen
392	astar	6336	6434	52241	4663.1	867.189	den005d.map.scen
393	astar	6471	6567	53392	4826.26	937.603	den005d.map.scen
394	astar	7159	7269	59079	9193.17	876.473	den005d.map.scen
395	astar	7391	7534	60999	6458.18	853.858	den005d.map.scen
396	astar	8126	8260	67012	13146.3	959.84	den005d.map.scen
397	astar	5984	6093	49491	5354.06	921.461	den005d.map.scen
398	astar	5926	5973	48108	8079.23	895.846	den005d.map.scen
399	astar	5980	6017	48564	3921.84	921.929	den005d.map.scen
400	astar	5305	5454	43340	3445.04	862.42	den005d.map.scen
401	astar	4860	5012	40130	7272.77	863.088	den005d.map.scen
402	astar	4764	4837	38659	3951.43	876.804	den005d.map.scen
403	astar	4807	4912	39051	3010.61	1016.74	den005d.map.scen
404	astar	6021	6110	49669	7412.59	922.686	den005d.map.scen
405	astar	6239	6343	51474	7366.23	977.443	den005d.map.scen
406	astar	8361	8511	69013	7868.69	961.023	den005d.map.scen
407	astar	8140	8307	67343	8001.61	890.047	den005d.map.scen
408	astar	6304	6423	51995	4143	856.106	den005d.map.scen
409	astar	6744	6824	55505	8607.51	925.112	den005d.map.scen
410	astar	5239	5338	42695	4639.67	906.201	den005d.map.scen
411	astar	4571	4700	37690	2924.11	869	den005d.map.scen
412	astar	5905	6125	48709	7131.1	965.846	den005d.map.scen
413	astar	6467	6624	52946	5765.58	947.739	den005d.map.scen
414	astar	5500	5649	44777	3774.03	914.272	den005d.map.scen
415	astar	6068	6231	49523	8185.16	957.585	den005d.map.scen
416	astar	6524	6653	53258	5119.91	972.757	den005d.map.scen
417	astar	5679	5795	46252	4939.58	926.248	den005d.map.scen
418	astar	7925	8092	65465	10407.5	928.384	den005d.map.scen
419	astar	8461	8566	69792	5943.97	954.716	den005d.map.scen
420	astar	5400	5505	44010	8276.1	973.514	den005d.map.scen
421	astar	6400	6612	52673	6568.3	976.284	den005d.map.scen
422	astar	7106	7233	58686	7567.35	1017.54	den005d.map.scen
423	astar	6985	7063	57520	6382.67	1004.14	den005d.map.scen
424	astar	6129	6223	50528	6853.26	1012.71	den005d.map.scen
425	astar	6390	6483	52706	8145.09	1011.33	den005d.map.scen
426	astar	6140	6232	50588	4037.97	970.727	den005d.map.scen
427	astar	6098	6127	49466	6217.78	971.899	den005d.map.scen
428	astar	6213	6319	51275	6498.99	957.432	den005d.map.scen
429	astar	7560	7645	62122	8161.5	926.171	den005d.map.scen
430	astar	5831	5958	47980	10125.2	944.875	den005d.map.scen
431	astar	7290	7371	59648	8105.46	1029.24	den005d.map.scen
432	astar	6169	6290	51018	6010.26	918.372	den005d.map.scen
433	astar	6409	6501	52818	4933.86	865.39	den005d.map.scen
434	astar	6765	6859	55814	13232.1	1031.1	den005d.map.scen
435	astar	8889	9005	73444	15668.5	1033.67	den005d.map.scen
436	astar	7805	7895	64157	5445.03	949.443	den005d.map.scen
437	astar	7534	7621	61926	9613.67	966.958	den005d.map.scen
438	astar	5531	5600	45017	3620.87	1047.25	den005d.map.scen
439	astar	6295	6363	51111	5718.92	1067.3	den005d.map.scen
440	astar	6394	6578	52297	7377.12	1020.03	den005d.map.scen
441	astar	6779	6920	55658	5027.68	977.911	den005d.map.scen
442	astar	6550	6659	54047	8013.73	1036.97	den005d.map.scen
443	astar	6580	6687	54295	5504.86	1031.56	den005d.map.scen
444	astar	6588	6683	54370	5025.93	968.94	den005d.map.scen
445	astar	7437	7573	61492	9494.12	995.343	den005d.map.scen
446	astar	6524	6583	53687	4092.03	973.142	den005d.map.scen
447	astar	6243	6297	50671	5511.89	1026.16	den005d.map.scen
448	astar	6634	6739	54016	8032.24	1122.6	den005d.map.scen
449	astar	6536	6615	53883	4102.04	949.858	den005d.map.scen
450	astar	6185	6344	50443	7830.99	1031.51	den005d.map.scen
451	astar	6694	6839	54776	6084.59	1005.83	den005d.map.scen
452	astar	7484	7642	61818	6243.12	1008.73	den005d.map.scen
453	astar	7340	7490	60614	7832.34	999.597	den005d.map.scen
454	astar	9217	9300	75954	7049.65	1046.87	den005d.map.scen
455	astar	9343	9504	77067	10415.2	1044.27	den005d.map.scen
456	astar	9102	9234	75032	9399.45	1069.54	den005d.map.scen
457	astar	8880	8983	73137	9187.05	1073.84	den005d.map.scen
458	astar	8586	8688	70533	11821.8	1048.17	den005d.map.scen
459	astar	6880	6957	56747	6286.22	1066.05	den005d.map.scen
460	astar	7627	7753	62543	11187.8	1054.37	den005d.map.scen
461	astar	7108	7227	58624	5990.87	1093.8	den005d.map.scen
462	astar	6980	7049	57442	8461.23	996.556	den005d.map.scen
463	astar	8118	8237	66873	6685.47	1070.08	den005d.map.scen
464	astar	8261	8411	68000	9569.92	1014.31	den005d.map.scen
465	astar	8413	8560	69220	6649	1020.19	den005d.map.scen
466	astar	9303	9432	76799	9336.42	1048.43	den005d.map.scen
467	astar	8951	9087	73795	7609.44	1024.27	den005d.map.scen
468	astar	9189	9337	75772	14808.3	1063.76	den005d.map.scen
469	astar	8002	8109	65783	11578.9	1002.66	den005d.map.scen
470	astar	6367	6442	51737	8014.48	1141.74	den005d.map.scen
471	astar	6883	6956	56662	8619.57	1048.62	den005d.map.scen
472	astar	7668	7760	63031	5029.73	1113.04	den005d.map.scen
473	astar	7355	7442	60448	8906.17	1058.15	den005d.map.scen
474	astar	7625	7707	62680	5862.6	1040.67	den005d.map.scen
475	astar	8607	8751	71106	9413.63	1109.07	den005d.map.scen
476	astar	8690	8798	71407	8079.1	1068.92	den005d.map.scen
477	astar	9288	9380	76598	10361.5	1049.28	den005d.map.scen
478	astar	9099	9181	74685	6753.3	1120.82	den005d.map.scen
479	astar	8990	9070	73855	11426.3	1089.91	den005d.map.scen
480	astar	8190	8300	67194	6093.53	1113.66	den005d.map.scen
481	astar	7343	7499	60312	7264.95	1001.74	den005d.map.scen
482	astar	6567	6673	53475	6023.74	1256.56	den005d.map.scen
483	astar	7806	7911	64341	5437.82	1136.4	den005d.map.scen
484	astar	8097	8270	66878	10478.3	1082.91	den005d.map.scen
485	astar	7762	7868	63819	6239.06	1107.34	den005d.map.scen
486	astar	7856	7980	64596	8779.12	1047.98	den005d.map.scen
487	astar	9377	9469	76953	6393.14	1109.54	den005d.map.scen
488	astar	8610	8742	70814	11985.8	1048.15	den005d.map.scen
489	astar	7784	7918	64249	5223.08	1191.92	den005d.map.scen
490	astar	8102	8200	66409	10002.3	1125	den005d.map.scen
491	astar	6586	6700	53650	4016.89	1146.95	den005d.map.scen
492	astar	7750	7898	63954	9517.57	1089.18	den005d.map.scen
493	astar	7676	7760	63117	6276.91	1062.6	den005d.map.scen
494	astar	9453	9597	77971	8388.88	1136.58	den005d.map.scen
495	astar	9201	9364	76024	8350.48	1052.53	den005d.map.scen
496	astar	10002	10098	82360	10368.3	1100.99	den005d.map.scen
497	astar	6996	7117	57758	8564.5	1140.46	den005d.map.scen
498	astar	6873	6972	55973	8566.06	1122.34	den005d.map.scen
499	astar	7245	7351	59106	9152.37	1133.68	den005d.map.scen
500	astar	7905	8033	64825	10392.2	1124.95	den005d.map.scen
501	astar	10130	10187	83376	11068.5	1151.08	den005d.map.scen
502	astar	7855	7992	64800	7498.95	1174.33	den005d.map.scen
503	astar	7408	7522	60421	6973.51	1213.94	den005d.map.scen
504	astar	8622	8740	71130	9613.29	1256.35	den005d.map.scen
505	astar	8688	8815	71716	9830.83	1200.88	den005d.map.scen
506	astar	7974	8143	65931	6802.03	1117.48	den005d.map.scen
507	astar	9709	9855	79634	9307.02	1165.81	den005d.map.scen
508	astar	8507	8642	69926	7797.61	1223.93	den005d.map.scen
509	astar	7691	7790	63239	7658.28	1094.77	den005d.map.scen
510	astar	7882	8026	64810	7612.41	1105.06	den005d.map.scen
511	astar	7860	8025	64942	5674.39	1142.81	den005d.map.scen
512	astar	8733	8840	72090	10336	1150.67	den005d.map.scen
513	astar	9174	9333	75692	10413.1	1174.42	den005d.map.scen
514	astar	9328	9390	76399	9687.69	1149.67	den005d.map.scen
515	astar	7697	7828	63487	10266	1192.32	den005d.map.scen
516	astar	6158	6186	49978	4808.68	1221.39	den005d.map.scen
517	astar	7888	7980	64439	7004.01	1220.89	den005d.map.scen
518	astar	7656	7762	62947	9270.67	1149.8	den005d.map.scen
519	astar	8901	9013	73362	9692.73	1139.44	den005d.map.scen
520	astar	8566	8663	70265	6599.13	1130.65	den005d.map.scen
521	astar	9885	9987	80978	7860.73	1263.35	den005d.map.scen
522	astar	9434	9510	77278	8592.33	1189.74	den005d.map.scen
523	astar	10565	10601	86818	9975.52	1257.96	den005d.map.scen
524	astar	8078	8157	66303	6602.12	1109.34	den005d.map.scen
525	astar	8803	8951	72713	6976.58	1256.09	den005d.map.scen
526	astar	7873	7957	64261	8281.25	1196.3	den005d.map.scen
527	astar	7051	7149	57467	4659.32	1275.66	den005d.map.scen
528	astar	8580	8694	70659	12665.5	1268.73	den005d.map.scen
529	astar	8543	8636	70171	9484.85	1210.98	den005d.map.scen
530	astar	8486	8577	69648	7917.22	1171.68	den005d.map.scen
531	astar	9171	9304	75266	8069.28	1250.69	den005d.map.scen
532	astar	7431	7525	60672	7138.3	1244.47	den005d.map.scen
533	astar	8333	8425	68588	6578.06	1242.83	den005d.map.scen
534	astar	8513	8615	69995	9428.67	1266.98	den005d.map.scen
535	astar	8207	8332	67443	5164.19	1185.88	den005d.map.scen
536	astar	8425	8552	69244	8937.8	1300.25	den005d.map.scen
537	astar	8171	8288	67152	6201.06	1183.73	den005d.map.scen
538	astar	10080	10154	82994	13750.6	1322.63	den005d.map.scen
539	astar	10316	10376	84874	9677.49	1248.67	den005d.map.scen
540	astar	8786	8863	72009	10648.6	1251.02	den005d.map.scen
541	astar	7444	7540	60802	9816.42	1293.93	den005d.map.scen
542	astar	8881	8986	73387	6869.4	1213.66	den005d.map.scen
543	astar	8869	8983	72873	9744.03	1381.93	den005d.map.scen
544	astar	9138	9296	75388	8214.1	1282.96	den005d.map.scen
545	astar	10268	10383	84070	11574.3	1272.96	den005d.map.scen
546	astar	10482	10547	86215	10696.6	1292.15	den005d.map.scen
547	astar	7767	7884	63463	6437.38	1300.16	den005d.map.scen
548	astar	9787	9888	80135	8502.51	1241.1	den005d.map.scen
549	astar	10593	10668	87128	11924.3	1167.58	den005d.map.scen
550	astar	9140	9223	74830	11662.5	1274.95	den005d.map.scen
551	astar	7855	7944	64126	5364.64	1293.62	den005d.map.scen
552	astar	9779	9881	80079	13306.6	1282.06	den005d.map.scen
553	astar	8096	8275	66960	11992.1	1250.05	den005d.map.scen
554	astar	8006	8072	65284	16236.3	1329.43	den005d.map.scen
555	astar	8011	8108	65431	20797.2	1226.48	den005d.map.scen
556	astar	8158	8210	66588	21077.7	1270.15	den005d.map.scen
557	astar	9574	9627	78334	19875.1	1277.69	den005d.map.scen
558	astar	10648	10707	87577	14702.7	1277.52	den005d.map.scen
559	astar	10507	10565	86432	8787.48	1222.62	den005d.map.scen
560	astar	9028	9139	73952	16419.9	1243.92	den005d.map.scen
561	astar	8733	8848	71752	9529.06	1235.09	den005d.map.scen
562	astar	9137	9227	75062	9604.37	1337.7	den005d.map.scen
563	astar	10042	10122	82668	12979.7	1299.24	den005d.map.scen
564	astar	9835	9932	80532	10624.7	1263.77	den005d.map.scen
565	astar	8558	8691	70583	8450.17	1294.38	den005d.map.scen
566	astar	9014	9153	74228	12388.5	1239.33	den005d.map.scen
567	astar	8873	9016	73223	6261.6	1262.8	den005d.map.scen
568	astar	10035	10188	82255	12058.5	1302.86	den005d.map.scen
569	astar	9258	9381	76378	9913.66	1348.99	den005d.map.scen
570	astar	9296	9384	76102	7425.85	1313.14	den005d.map.scen
571	astar	9646	9689	79009	8995.84	1278.21	den005d.map.scen
572	astar	9589	9738	79144	8918	1269.22	den005d.map.scen
573	astar	9344	9411	76519	9728.15	1375.6	den005d.map.scen
574	astar	10167	10243	83659	6756.73	1278.86	den005d.map.scen
575	astar	10154	10306	83264	10844.5	1291.39	den005d.map.scen
576	astar	9657	9744	79084	6563.59	1265.18	den005d.map.scen
577	astar	10861	10946	89306	12155.6	1330.02	den005d.map.scen
578	astar	8618	8773	71031	5897.14	1317.91	den005d.map.scen
579	astar	10882	10952	89480	12039.8	1307.68	den005d.map.scen
580	astar	9887	9955	81395	10781.6	1293.39	den005d.map.scen
581	astar	11090	11199	91234	12046.8	1285.02	den005d.map.scen
582	astar	11083	11177	91169	11355	1370.42	den005d.map.scen
583	astar	10852	10973	88990	9370.09	1370.33	den005d.map.scen
584	astar	9155	9232	75487	7442.59	1360.47	den005d.map.scen
585	astar	8472	8551	69087	6073.09	1330.23	den005d.map.scen
586	astar	8296	8396	67703	9519.43	1343.63	den005d.map.scen
587	astar	7389	7432	60278	4340.31	1354.56	den005d.map.scen
588	astar	8601	8676	70169	9283	1403.93	den005d.map.scen
589	astar	8443	8509	68821	5727.23	1394.19	den005d.map.scen
590	astar	9663	9706	79106	9346.76	1423.22	den005d.map.scen
591	astar	9687	9757	79368	7156.92	1301.7	den005d.map.scen
592	astar	9529	9634	78075	9665.06	1417.63	den005d.map.scen
593	astar	10317	10353	84790	7308.7	1380.29	den005d.map.scen
594	astar	11894	12001	97759	11723	1497.48	den005d.map.scen
595	astar	11005	11097	90634	8259.03	1266.67	den005d.map.scen
596	astar	11337	11453	93319	12113.5	1341.28	den005d.map.scen
597	astar	11245	11362	92536	11143.2	1369.3	den005d.map.scen
598	astar	10181	10291	83438	6974.82	1323.03	den005d.map.scen
599	astar	10525	10644	86306	11688.5	1378.41	den005d.map.scen
600	astar	10085	10129	82500	7182.35	1418.47	den005d.map.scen
601	astar	9246	9337	75676	8960.84	1310.16	den005d.map.scen
602	astar	9844	9948	80657	6148.51	1402.76	den005d.map.scen
603	astar	10719	10857	87927	10624.7	1335.19	den005d.map.scen
604	astar	12200	12323	100407	10335.5	1467.64	den005d.map.scen
605	astar	8651	8727	70578	8226.9	1274.86	den005d.map.scen
606	astar	10073	10166	82499	8293.1	1487.47	den005d.map.scen
607	astar	11594	11731	95490	11548.1	1397.83	den005d.map.scen
608	astar	11809	11939	97178	11513.2	1389.03	den005d.map.scen
609	astar	11462	11543	93939	8328.13	1418.15	den005d.map.scen
610	astar	10089	10196	82636	10160.2	1407.02	den005d.map.scen
611	astar	11479	11564	94073	9002.13	1441.3	den005d.map.scen
612	astar	11550	11616	94609	9623.23	1427.66	den005d.map.scen
613	astar	10285	10339	84599	9859.94	1446.9	den005d.map.scen
614	astar	10241	10280	84267	7178.88	1420.94	den005d.map.scen
615	astar	8725	8837	71320	7260.38	1338.9	den005d.map.scen
616	astar	7427	7544	60550	6510.7	1471.47	den005d.map.scen
617	astar	10839	10922	89127	9257.8	1503.65	den005d.map.scen
618	astar	10346	10487	84811	9706.22	1470.54	den005d.map.scen
619	astar	11457	11539	93886	12441.1	1433.34	den005d.map.scen
620	astar	10735	10788	88286	7753.66	1425.43	den005d.map.scen
621	astar	11905	12075	98095	12848.3	1403.96	den005d.map.scen
622	astar	11781	11908	97050	10710.8	1346.66	den005d.map.scen
623	astar	11676	11796	96305	8549.67	1362.89	den005d.map.scen
624	astar	11658	11770	95976	12050.8	1374.2	den005d.map.scen
625	astar	12122	12268	99747	9491.99	1460.76	den005d.map.scen
626	astar	10374	10438	85299	9059.39	1502.84	den005d.map.scen
627	astar	7574	7665	61833	4601.81	1403.85	den005d.map.scen
628	astar	11169	11241	91856	12299.7	1425.65	den005d.map.scen
629	astar	11852	11996	97677	12039.7	1379.11	den005d.map.scen
630	astar	10304	10374	84345	7261.31	1444.31	den005d.map.scen
631	astar	10410	10484	85231	12938.6	1482.51	den005d.map.scen
632	astar	10171	10254	83733	10351.5	1407.53	den005d.map.scen
633	astar	10049	10179	82331	7104.48	1483.26	den005d.map.scen
634	astar	11440	11505	93757	11622.3	1449.93	den005d.map.scen
635	astar	12116	12262	99798	8127.9	1456.23	den005d.map.scen
636	astar	11927	12084	98351	11783	1390.72	den005d.map.scen
637	astar	11722	11873	96540	9643.64	1358.99	den005d.map.scen
638	astar	11486	11558	94101	9458.23	1440.61	den005d.map.scen
639	astar	10343	10487	84791	10553.3	1461.5	den005d.map.scen
640	astar	10216	10288	83629	6798.76	1424.19	den005d.map.scen
641	astar	10446	10538	85676	11757.5	1396.96	den005d.map.scen
642	astar	10031	10080	82120	7287.33	1374.22	den005d.map.scen
643	astar	10204	10267	83586	10065	1447.41	den005d.map.scen
644	astar	10477	10587	85833	7521.24	1568.98	den005d.map.scen
645	astar	12068	12225	99435	12102	1450.53	den005d.map.scen
646	astar	12173	12326	100253	12757.7	1435.44	den005d.map.scen
647	astar	12447	12567	102453	10817.1	1534.75	den005d.map.scen
648	astar	12282	12414	101184	9832.17	1448.05	den005d.map.scen
649	astar	12317	12452	101459	11888.8	1420.27	den005d.map.scen
650	astar	10396	10496	85275	6809.99	1326.9	den005d.map.scen
651	astar	10362	10429	84871	11085.2	1504.61	den005d.map.scen
652	astar	10488	10587	85946	8392.9	1461.14	den005d.map.scen
653	astar	9614	9701	78758	10399.2	1376.08	den005d.map.scen
654	astar	11287	11377	92556	11407.3	1492.57	den005d.map.scen
655	astar	12316	12435	101308	9831.89	1534.68	den005d.map.scen
656	astar	12211	12345	100565	12806.1	1530.27	den005d.map.scen
657	astar	12101	12230	99675	12706.7	1467.56	den005d.map.scen
658	astar	10637	10686	87470	7674.84	1524.88	den005d.map.scen
659	astar	10599	10658	87191	10860	1435.72	den005d.map.scen
660	astar	10363	10444	84804	12218.7	1549.09	den005d.map.scen
661	astar	10176	10310	83431	7447.85	1499.58	den005d.map.scen
662	astar	11430	11557	94137	12137.8	1550.34	den005d.map.scen
663	astar	13129	13220	107836	11935.4	1553.44	den005d.map.scen
664	astar	12093	12226	99538	9577.63	1507.48	den005d.map.scen
665	astar	12155	12252	100103	13376.3	1411.01	den005d.map.scen
666	astar	9711	9813	79489	8073.91	1553.6	den005d.map.scen
667	astar	8252	8335	67359	8094.34	1569.18	den005d.map.scen
668	astar	9401	9448	76913	6561.43	1551.56	den005d.map.scen
669	astar	9340	9404	76441	11277.1	1583.02	den005d.map.scen
670	astar	10353	10437	84769	10959.3	1573.22	den005d.map.scen
671	astar	10671	10778	87531	7827.16	1606.3	den005d.map.scen
672	astar	9667	9700	79042	12789.7	1637.7	den005d.map.scen
673	astar	13491	13536	110590	12827.8	1588.96	den005d.map.scen
674	astar	10713	10788	88088	7644.93	1636.39	den005d.map.scen
675	astar	9516	9544	77885	10297.2	1536.38	den005d.map.scen
676	astar	11391	11528	93802	7434.25	1548.64	den005d.map.scen
677	astar	11221	11347	92353	13057.5	1530.23	den005d.map.scen
678	astar	11279	11359	92768	11142.6	1500.5	den005d.map.scen
679	astar	13375	13484	109795	10013	1584.89	den005d.map.scen
680	astar	10833	10927	88783	12109	1495.63	den005d.map.scen
681	astar	10339	10486	84808	10903.3	1572.83	den005d.map.scen
682	astar	10769	10819	88533	8530.37	1513.06	den005d.map.scen
683	astar	10864	10970	89074	11935.2	1598.09	den005d.map.scen
684	astar	12693	12839	104399	10930.1	1465.57	den005d.map.scen
685	astar	12987	13113	106814	12029.9	1516.77	den005d.map.scen
686	astar	12955	13083	106595	13236.4	1473.61	den005d.map.scen
687	astar	12136	12291	100030	13373	1541.34	den005d.map.scen
688	astar	8594	8661	70072	5538.19	1649.4	den005d.map.scen
689	astar	8542	8632	69705	9907.28	1466.1	den005d.map.scen
690	astar	10750	10856	88540	8871.65	1493.35	den005d.map.scen
691	astar	11100	11192	91293	11945.2	1611.06	den005d.map.scen
692	astar	11987	12059	98233	12752.2	1715.86	den005d.map.scen
693	astar	11644	11720	95385	9363.78	1644.9	den005d.map.scen
694	astar	12079	12190	99404	11874.5	1627.45	den005d.map.scen
695	astar	13317	13440	109476	12218.3	1567.05	den005d.map.scen
696	astar	13609	13710	111666	18319	1606.17	den005d.map.scen
697	astar	13494	13568	110669	14097.7	1604.05	den005d.map.scen
698	astar	13331	13433	109414	10634.9	1645.28	den005d.map.scen
699	astar	12921	13056	106320	11424.1	1585.59	den005d.map.scen
700	astar	11611	11728	95042	12589.6	1566.72	den005d.map.scen
701	astar	11371	11462	92973	11298.9	1629.88	den005d.map.scen
702	astar	11602	11723	94964	10039.6	1578.01	den005d.map.scen
703	astar	11433	11525	93494	11921.3	1605.69	den005d.map.scen
704	astar	11353	11445	93121	9309.15	1657.75	den005d.map.scen
705	astar	12127	12264	99789	11237.3	1659.79	den005d.map.scen
706	astar	12039	12181	99129	12606.5	1582.37	den005d.map.scen
707	astar	13278	13352	109040	15425.6	1586.48	den005d.map.scen
708	astar	13532	13600	110942	13060.2	1568.35	den005d.map.scen
709	astar	11076	11164	91127	9519.79	1605.85	den005d.map.scen
710	astar	11469	11557	93731	12359.9	1588.67	den005d.map.scen
711	astar	11339	11442	92744	13743.9	1615.24	den005d.map.scen
712	astar	11018	11124	90292	7690.8	1558.31	den005d.map.scen
713	astar	11207	11339	91873	11658.8	1583.07	den005d.map.scen
714	astar	11391	11483	93147	8395.26	1633.6	den005d.map.scen
715	astar	11459	11584	94312	10504.9	1636.73	den005d.map.scen
716	astar	11892	12034	97917	9847.55	1648.95	den005d.map.scen
717	astar	11904	12008	97541	15094.8	1716.71	den005d.map.scen
718	astar	11805	11940	97222	8136.51	1608.25	den005d.map.scen
719	astar	12182	12241	99706	12795	1720.41	den005d.map.scen
720	astar	11010	11107	90210	7679.9	1634.06	den005d.map.scen
721	astar	11359	11470	92965	11359.5	1606.83	den005d.map.scen
722	astar	11555	11594	94558	10585.7	1669.68	den005d.map.scen
723	astar	11868	12012	97778	8862.07	1674.72	den005d.map.scen
724	astar	12266	12426	100958	15647.2	1646.09	den005d.map.scen
725	astar	12488	12655	102814	12819.5	1667.41	den005d.map.scen
726	astar	9906	9955	81025	6538.65	1622.52	den005d.map.scen
727	astar	12821	12939	105342	12431.6	1687.31	den005d.map.scen
728	astar	14527	14641	119053	15564.9	1769.15	den005d.map.scen
729	astar	13780	13842	112928	17858.1	1628.52	den005d.map.scen
730	astar	12175	12311	99751	17141.7	1664.91	den005d.map.scen
731	astar	11411	11529	93442	14075.3	1674.32	den005d.map.scen
732	astar	11698	11840	96318	21590.2	1637.81	den005d.map.scen
733	astar	11680	11798	96196	11465.6	1699.41	den005d.map.scen
734	astar	10961	11071	89837	11189.3	1710.59	den005d.map.scen
735	astar	12296	12433	101262	16977.1	1680.84	den005d.map.scen
736	astar	13818	13884	113292	15729	1650.11	den005d.map.scen
737	astar	14259	14357	116771	18977.8	1629.35	den005d.map.scen
738	astar	11042	11184	90624	11610.5	1678.84	den005d.map.scen
739	astar	9177	9244	75011	12362.9	1655.72	den005d.map.scen
740	astar	11107	11210	90925	12977.4	1606.73	den005d.map.scen
741	astar	11926	12054	97711	11090.4	1665.3	den005d.map.scen
742	astar	11880	12027	97174	10531.2	1694.67	den005d.map.scen
743	astar	11724	11850	96065	14668	1575.08	den005d.map.scen
744	astar	11710	11791	95848	11144.6	1711.66	den005d.map.scen
745	astar	11903	12035	97952	8664.39	1660.82	den005d.map.scen
746	astar	13117	13256	107883	13665.5	1729.73	den005d.map.scen
747	astar	13547	13622	111075	16002.2	1730.43	den005d.map.scen
748	astar	10197	10251	83402	10422.4	1826.77	den005d.map.scen
749	astar	12330	12485	101561	10946.1	1702.54	den005d.map.scen
750	astar	11865	12001	97147	12149	1621.93	den005d.map.scen
751	astar	14633	14734	119773	13805.9	1748.34	den005d.map.scen
752	astar	14378	14451	117716	16092.8	1639.61	den005d.map.scen
753	astar	10152	10182	83028	9949.7	1682.01	den005d.map.scen
754	astar	10064	10106	82290	10853.1	1693.64	den005d.map.scen
755	astar	9367	9414	76626	9256.05	1744.22	den005d.map.scen
756	astar	10201	10241	83465	7926.42	1850.96	den005d.map.scen
757	astar	10282	10353	84141	11098.2	1788.76	den005d.map.scen
758	astar	10308	10371	84353	7128.23	1832.44	den005d.map.scen
759	astar	12943	13081	106408	12926.2	1714.02	den005d.map.scen
760	astar	11910	12050	97650	12856.9	1661.27	den005d.map.scen
761	astar	13012	13137	106907	14196.2	1831.29	den005d.map.scen
762	astar	14490	14615	118720	10821.7	1730.91	den005d.map.scen
763	astar	10012	10060	81895	11016.8	1712.62	den005d.map.scen
764	astar	10209	10267	83496	8377.83	1879.97	den005d.map.scen
765	astar	14897	15025	122023	17103.4	1845.61	den005d.map.scen
766	astar	14825	14936	121404	18642.5	1731.57	den005d.map.scen
767	astar	14929	15086	122304	23121.3	1828.14	den005d.map.scen
768	astar	11617	11701	95106	14406.4	1794.15	den005d.map.scen
769	astar	9474	9521	77537	6537.31	1742.99	den005d.map.scen
770	astar	12854	13000	105364	13738.7	1872.21	den005d.map.scen
771	astar	9671	9703	79084	10456.2	1787.13	den005d.map.scen
772	astar	13616	13702	111639	10525.7	1795.25	den005d.map.scen
773	astar	15378	15470	125935	14955.1	1867.5	den005d.map.scen
774	astar	14775	14887	121010	14351.6	1812.23	den005d.map.scen
775	astar	14399	14498	117959	14284.3	1783.23	den005d.map.scen
776	astar	13987	14071	114580	14552	1810.85	den005d.map.scen
777	astar	10173	10231	83218	6944.88	1719.61	den005d.map.scen
778	astar	10233	10299	83748	10801.8	1855.25	den005d.map.scen
779	astar	10141	10210	83010	6841.46	1894.53	den005d.map.scen
780	astar	12205	12360	100040	12916.5	1753.29	den005d.map.scen
781	astar	12716	12853	104323	11629.5	1765.52	den005d.map.scen
782	astar	15078	15157	123371	13099.9	1773.43	den005d.map.scen
783	astar	14665	14775	120070	12790.7	1882.7	den005d.map.scen
784	astar	10350	10423	84755	11736.1	1822.89	den005d.map.scen
785	astar	10579	10668	86636	10731.4	1896.34	den005d.map.scen
786	astar	10397	10491	85177	8432.88	1822.86	den005d.map.scen
787	astar	13513	13599	110874	12777.4	1783.38	den005d.map.scen
788	astar	14746	14868	120739	13520.4	1777.77	den005d.map.scen
789	astar	15000	15183	122970	12704.6	1838.73	den005d.map.scen
790	astar	13207	13315	108295	11204.8	1800.98	den005d.map.scen
791	astar	13847	13909	113422	12095.7	1861.73	den005d.map.scen
792	astar	9768	9794	79868	12040.3	1857.61	den005d.map.scen
793	astar	10388	10457	85107	10851.6	1699.47	den005d.map.scen
794	astar	10695	10765	87550	17098.1	1863.61	den005d.map.scen
795	astar	10684	10763	87499	13461.1	1839.46	den005d.map.scen
796	astar	10669	10744	87425	11975.8	1740.8	den005d.map.scen
797	astar	13697	13740	112211	10789.6	1879.05	den005d.map.scen
798	astar	14070	14130	115238	11594.8	1839.27	den005d.map.scen
799	astar	15598	15725	127729	15313.8	1818.1	den005d.map.scen
800	astar	13709	13813	112461	14412.4	1932.82	den005d.map.scen
801	astar	9825	9865	80340	7786.11	1874.88	den005d.map.scen
802	astar	10846	10943	88931	8736.79	1839.88	den005d.map.scen
803	astar	10712	10787	87773	10041.9	1799.01	den005d.map.scen
804	astar	10383	10452	85039	8249.08	1812.21	den005d.map.scen
805	astar	16074	16159	131420	14929.1	2016.1	den005d.map.scen
806	astar	14902	15056	122116	12601.8	1886.86	den005d.map.scen
807	astar	14041	14119	115023	12371.7	1881.43	den005d.map.scen
808	astar	13779	13884	113055	11313.5	1828.91	den005d.map.scen
809	astar	14449	14545	118326	14420	1839.46	den005d.map.scen
810	astar	12976	13154	106419	13099.4	1695.19	den005d.map.scen
811	astar	9876	9930	80775	6606.54	1868.95	den005d.map.scen
812	astar	15631	15739	127960	15111.2	1824.12	den005d.map.scen
813	astar	13651	13729	111888	15539.3	1904.64	den005d.map.scen
814	astar	13910	13969	113955	13412.6	1986.03	den005d.map.scen
815	astar	13846	13925	113468	13038.7	1833.53	den005d.map.scen
816	astar	14249	14305	116690	11293.8	1944.41	den005d.map.scen
817	astar	14364	14463	117673	12557.5	1791.54	den005d.map.scen
818	astar	14430	14556	118229	15150.1	1847.14	den005d.map.scen
819	astar	9879	9923	80796	7274.81	1886.54	den005d.map.scen
820	astar	14494	14599	118667	12914.6	1855.93	den005d.map.scen
821	astar	15138	15267	123974	15996.4	1956.28	den005d.map.scen
822	astar	13478	13574	110629	18289.9	1872.86	den005d.map.scen
823	astar	11280	11333	92186	12424.4	1874.22	den005d.map.scen
824	astar	14914	15037	122147	12422.2	1952.87	den005d.map.scen
825	astar	14901	15005	121981	13006.8	1919.86	den005d.map.scen
826	astar	15755	15868	128990	11719	1913.26	den005d.map.scen
827	astar	15667	15765	128070	13594.7	1829.93	den005d.map.scen
828	astar	15927	16025	130273	16414.6	1896.82	den005d.map.scen
829	astar	15974	16087	130706	14764	1941.93	den005d.map.scen
830	astar	13866	13913	113528	14429.7	1850.47	den005d.map.scen
831	astar	14371	14451	117665	12414.8	1883.48	den005d.map.scen
832	astar	14765	14887	120995	13952.6	1931.99	den005d.map.scen
833	astar	16172	16288	132166	12457.1	1932.05	den005d.map.scen
834	astar	16057	16169	131327	15065.4	1972.74	den005d.map.scen
835	astar	11578	11688	94737	12074.3	1923.98	den005d.map.scen
836	astar	14623	14731	119701	13752	1797.09	den005d.map.scen
837	astar	15434	15581	126437	13365.5	1999.28	den005d.map.scen
838	astar	14834	14983	121552	10637	1959.84	den005d.map.scen
839	astar	16194	16271	132285	13917	1874.66	den005d.map.scen
840	astar	14872	14999	121810	12508.4	2008.22	den005d.map.scen
841	astar	14474	14572	118538	10850.5	1932.45	den005d.map.scen
842	astar	14893	15048	122081	13024.5	1982.27	den005d.map.scen
843	astar	13853	13930	113499	13700.4	1938.2	den005d.map.scen
844	astar	11281	11393	92425	7872.23	1912.76	den005d.map.scen
845	astar	11608	11747	94850	10066.8	1947	den005d.map.scen
846	astar	15333	15450	125579	13634.7	1998.51	den005d.map.scen
847	astar	15562	15655	127259	13774.4	1771.08	den005d.map.scen
848	astar	15696	15804	128472	10534.3	1910	den005d.map.scen
849	astar	15634	15726	127877	13423.3	1868.03	den005d.map.scen
850	astar	16830	16946	137501	15499.3	2014.22	den005d.map.scen
851	astar	16163	16229	132040	14597.1	1949.36	den005d.map.scen
852	astar	11278	11350	92296	9164.98	1973.69	den005d.map.scen
853	astar	16193	16252	132249	13641.7	2018.89	den005d.map.scen
854	astar	10138	10169	82915	9344.91	1965.19	den005d.map.scen
855	astar	14318	14396	117215	12509.2	1946.86	den005d.map.scen
856	astar	13991	14045	114600	11858.5	2013.34	den005d.map.scen
857	astar	11781	11910	96275	10161.3	2078.61	den005d.map.scen
858	astar	11971	12135	98116	10187.2	1923.66	den005d.map.scen
859	astar	14349	14441	117516	10531.2	1959.67	den005d.map.scen
860	astar	11392	11497	93226	9770.6	1976.48	den005d.map.scen
861	astar	14441	14533	118223	10515.2	1993.02	den005d.map.scen
862	astar	15059	15194	123341	12696.7	2086.58	den005d.map.scen
863	astar	11721	11855	96055	10240.1	1987.79	den005d.map.scen
864	astar	11210	11343	91941	8823.14	1911.21	den005d.map.scen
865	astar	11910	12077	97406	11464.2	2009.01	den005d.map.scen
866	astar	11537	11654	94365	7184.75	1988.11	den005d.map.scen
867	astar	12854	13012	105379	11742.9	2173.19	den005d.map.scen
868	astar	10235	10286	83739	12263.8	2021.27	den005d.map.scen
869	astar	14771	14915	121008	12778.1	1985.44	den005d.map.scen
870	astar	14187	14227	116113	10380.2	1922.96	den005d.map.scen
871	astar	14342	14466	117442	13435	1959.16	den005d.map.scen
872	astar	16283	16355	132964	13984.6	2035.11	den005d.map.scen
873	astar	16447	16536	134365	14698.5	2065.21	den005d.map.scen
874	astar	10450	10530	85614	7060.06	1962.33	den005d.map.scen
875	astar	11808	11931	96696	12471.8	2091.11	den005d.map.scen
876	astar	11474	11587	93949	8486.91	2017.76	den005d.map.scen
877	astar	11866	12015	96997	10103.8	2031.91	den005d.map.scen
878	astar	11931	12077	97789	10676.4	2045.02	den005d.map.scen
879	astar	12770	12941	104666	8516.03	2081.19	den005d.map.scen
880	astar	14172	14211	115988	12787.5	2012.56	den005d.map.scen
881	astar	11591	11723	94903	8790.2	2111.02	den005d.map.scen
882	astar	14624	14702	119634	11026.4	2030.04	den005d.map.scen
883	astar	16018	16128	130975	13663.8	2060.87	den005d.map.scen
884	astar	16962	17069	138441	15279.2	2033.22	den005d.map.scen
885	astar	17218	17288	140594	14686	2056.61	den005d.map.scen
886	astar	12295	12485	100697	11444.3	2124.12	den005d.map.scen
887	astar	11996	12115	98295	10424.9	2049.06	den005d.map.scen
888	astar	12204	12383	99893	12040.3	1971.21	den005d.map.scen
889	astar	10646	10731	87229	6490.26	1986.45	den005d.map.scen
890	astar	14297	14342	117040	13154.3	2024.25	den005d.map.scen
891	astar	14194	14243	116173	12912.7	1986.3	den005d.map.scen
892	astar	17226	17293	140479	13944.5	2115.25	den005d.map.scen
893	astar	15650	15744	128038	13136	1982.64	den005d.map.scen
894	astar	11820	11951	96737	9610.06	2049.24	den005d.map.scen
895	astar	12482	12629	102144	8355.19	2045.92	den005d.map.scen
896	astar	11850	11994	96864	12429	2152.25	den005d.map.scen
897	astar	10793	10884	88474	13630.1	2077.44	den005d.map.scen
898	astar	15509	15638	126991	13512.9	2053.05	den005d.map.scen
899	astar	16351	16430	133589	13136.5	2061.28	den005d.map.scen
900	astar	14339	14400	117413	10230.5	2129.54	den005d.map.scen
901	astar	14309	14388	117171	11650.5	1986.34	den005d.map.scen
902	astar	14918	15052	122235	11535.2	2064.24	den005d.map.scen
903	astar	15670	15809	128208	15089.8	2017.71	den005d.map.scen
904	astar	10782	10882	88413	9134.34	1985.53	den005d.map.scen
905	astar	14733	14867	120692	18089.7	2034.28	den005d.map.scen
906	astar	15689	15793	128432	14143.1	2102.67	den005d.map.scen
907	astar	17536	17543	142847	16893.3	2105.65	den005d.map.scen
908	astar	10836	10915	88808	9807.2	2047.57	den005d.map.scen
909	astar	16037	16156	131076	13588.8	2066.24	den005d.map.scen
910	astar	14714	14734	120393	11555.7	2184.05	den005d.map.scen
911	astar	14132	14166	115651	13659.4	1965.08	den005d.map.scen
912	astar	11087	11202	90875	10201.6	2052.91	den005d.map.scen
913	astar	15898	16013	130071	14719.1	2075.5	den005d.map.scen
914	astar	17074	17154	139465	15951.5	1984.01	den005d.map.scen
915	astar	12266	12412	100408	9712.74	1983.94	den005d.map.scen
916	astar	12400	12536	101560	11205.2	2050.98	den005d.map.scen
917	astar	11942	12079	97723	7847.69	2059.02	den005d.map.scen
918	astar	11083	11155	90776	10826.4	2125.38	den005d.map.scen
919	astar	16357	16447	133640	12616.6	2158.82	den005d.map.scen
920	astar	14332	14401	117358	13354.6	2085.06	den005d.map.scen
921	astar	16614	16761	135745	17430.4	2181.73	den005d.map.scen
922	astar	16608	16763	135805	16397.7	2121.35	den005d.map.scen
923	astar	16043	16120	131169	12309.2	2202.57	den005d.map.scen
924	astar	11583	11697	94691	11893	2162.58	den005d.map.scen
925	astar	16137	16257	131913	14288.8	2091.69	den005d.map.scen
926	astar	16766	16887	136976	18179.5	2177.48	den005d.map.scen
927	astar	15933	16031	130349	14169.4	2190.44	den005d.map.scen
928	astar	16549	16617	135139	16601.1	2130.92	den005d.map.scen
929	astar	15385	15561	126087	15071.2	2070.43	den005d.map.scen
930	astar	14812	14851	121246	27948.1	2114.85	den005d.map.scen
931	astar	15763	15871	128995	22256.6	2085.41	den005d.map.scen
932	astar	16721	16815	136596	16436.2	2101.3	den005d.map.scen
933	astar	16950	17061	138477	16816.1	2119.76	den005d.map.scen
934	astar	11383	11466	93040	7174.08	2090.38	den005d.map.scen
935	astar	16262	16363	132911	13897.7	2082.32	den005d.map.scen
936	astar	16482	16621	134783	14493.1	2048.17	den005d.map.scen
937	astar	17412	17446	141948	16446.8	2087.54	den005d.map.scen
938	astar	11564	11709	94697	8000.23	2161.18	den005d.map.scen
939	astar	15528	15650	127028	15436	2123.22	den005d.map.scen
940	astar	16556	16659	135219	15414	2252.65	den005d.map.scen
941	astar	16520	16643	134959	15540	2167.2	den005d.map.scen
942	astar	16774	16900	137102	15393.8	2118.59	den005d.map.scen
943	astar	16102	16214	131691	14361.2	2243.51	den005d.map.scen
944	astar	13627	13699	111635	10635	2212.6	den005d.map.scen
945	astar	11637	11756	95347	8207.53	2109	den005d.map.scen
946	astar	11784	11936	96353	12513.8	2108.25	den005d.map.scen
947	astar	11288	11402	92390	8732.46	2098.15	den005d.map.scen
948	astar	16184	16305	132308	14841.7	2129.91	den005d.map.scen
949	astar	11580	11692	94629	12190.4	2233.89	den005d.map.scen
950	astar	14965	14995	122443	15935.6	2120.56	den005d.map.scen
951	astar	14660	14724	120063	13257	2178.47	den005d.map.scen
952	astar	14538	14616	119131	11979.2	2165.73	den005d.map.scen
953	astar	14725	14803	120619	14075.1	2076.18	den005d.map.scen
954	astar	14862	14927	121713	13781.9	2130.43	den005d.map.scen
955	astar	11437	11525	93537	10010.9	2102.69	den005d.map.scen
956	astar	11995	12178	98204	9485.47	2243.09	den005d.map.scen
957	astar	11753	11880	96292	12289.5	2147.15	den005d.map.scen
958	astar	11412	11518	93485	9581.76	2197.56	den005d.map.scen
959	astar	11460	11546	93660	8995.55	2096.05	den005d.map.scen
960	astar	16300	16399	133227	14930.8	2103.96	den005d.map.scen
961	astar	16376	16507	133843	14499	2230.53	den005d.map.scen
962	astar	17117	17210	139648	14760.9	2198.51	den005d.map.scen
963	astar	16107	16225	131732	11662.6	2136.15	den005d.map.scen
964	astar	16412	16485	133999	18628.9	2320.19	den005d.map.scen
965	astar	15501	15621	126812	18403.9	2108.31	den005d.map.scen
966	astar	15765	15858	128953	12459.9	2163.51	den005d.map.scen
967	astar	11437	11537	93510	10565.9	2171.35	den005d.map.scen
968	astar	15952	16101	130519	13872.5	2155.22	den005d.map.scen
969	astar	16461	16560	134506	15813.5	2319.09	den005d.map.scen
970	astar	15032	15093	123038	14573.4	2154.38	den005d.map.scen
971	astar	13702	13751	112146	11894.3	2307.74	den005d.map.scen
972	astar	14001	14040	114566	12718.3	2306.92	den005d.map.scen
973	astar	16805	16925	137244	15616.7	2237.47	den005d.map.scen
974	astar	16730	16845	136646	15467.5	2285.18	den005d.map.scen
975	astar	13828	13910	113329	12392.2	2153.12	den005d.map.scen
976	astar	16689	16798	136234	14897.2	2263.37	den005d.map.scen
977	astar	16497	16630	134844	15555.1	2183.93	den005d.map.scen
978	astar	16542	16645	135082	15158.1	2343.1	den005d.map.scen
979	astar	11938	12072	97841	10826.8	2239.56	den005d.map.scen
980	astar	11809	11921	96516	11600	2298.01	den005d.map.scen
981	astar	13941	13970	114042	11006.1	2262.11	den005d.map.scen
982	astar	13818	13892	113169	11263.7	2229.84	den005d.map.scen
983	astar	16082	16192	131526	14412.3	2216.49	den005d.map.scen
984	astar	11843	11971	96802	12626	2230.25	den005d.map.scen
985	astar	12574	12751	103007	10944.7	2183.48	den005d.map.scen
986	astar	14053	14086	114989	11708.8	2164.06	den005d.map.scen
987	astar	17236	17297	140704	17290.9	2236.44	den005d.map.scen
988	astar	12303	12398	100782	12288.1	2236.89	den005d.map.scen
989	astar	13553	13657	111098	17303	2371.96	den005d.map.scen
990	astar	15425	15446	126174	13920.4	2227.76	den005d.map.scen
991	astar	15331	15378	125433	15446.2	2256.77	den005d.map.scen
992	astar	16725	16820	136623	14077.1	2300.03	den005d.map.scen
993	astar	14051	14101	114984	10649.2	2225.28	den005d.map.scen
994	astar	12417	12581	101825	13085.2	2343.03	den005d.map.scen
995	astar	16336	16415	133481	15851	2309.69	den005d.map.scen
996	astar	16928	17055	138360	15993.7	2265.47	den005d.map.scen
997	astar	16635	16755	135877	14590.6	2350.27	den005d.map.scen
998	astar	16784	16883	137194	14551.9	2226.69	den005d.map.scen
999	astar	17070	17131	139404	13903.9	2220.89	den005d.map.scen
1000	astar	13921	13984	113978	10726.9	2225.66	den005d.map.scen
1001	astar	16945	17053	138416	16334.6	2364.37	den005d.map.scen
1002	astar	13572	13656	111157	13203.5	2240.4	den005d.map.scen
1003	astar	17305	17371	141115	15741.3	2391.72	den005d.map.scen
1004	astar	16693	16817	136418	15132.4	2266.16	den005d.map.scen
1005	astar	17152	17234	140046	11812.3	2273.05	den005d.map.scen
1006	astar	17460	17483	142281	25170.6	2316.89	den005d.map.scen
1007	astar	15442	15458	126253	15651.2	2229.01	den005d.map.scen
1008	astar	17319	17373	141221	15941.3	2274.37	den005d.map.scen
1009	astar	10747	10821	87659	8848.64	2254.13	den005d.map.scen
1010	astar	13138	13297	107772	11150.3	2263.17	den005d.map.scen
1011	astar	16908	16979	137866	16327.9	2378.24	den005d.map.scen
1012	astar	12203	12348	99904	15514.8	2378.91	den005d.map.scen
1013	astar	12532	12699	102732	11099.1	2240.53	den005d.map.scen
1014	astar	12588	12729	103223	8852.31	2333.2	den005d.map.scen
1015	astar	17210	17288	140553	18482.4	2279.85	den005d.map.scen
1016	astar	13224	13367	108472	11366.7	2380.85	den005d.map.scen
1017	astar	17290	17369	141010	16097.8	2443.92	den005d.map.scen
1018	astar	17443	17478	142165	16094.6	2410.99	den005d.map.scen
1019	astar	15536	15570	126997	14232.8	2285.06	den005d.map.scen
1020	astar	14295	14355	116997	16126.7	2386.04	den005d.map.scen
1021	astar	14431	14516	118214	11779.6	2421.9	den005d.map.scen
1022	astar	14389	14458	117855	18413.9	2251.77	den005d.map.scen
1023	astar	14391	14467	117862	12565.8	2353.18	den005d.map.scen
1024	astar	17403	17422	141898	13813.3	2312.69	den005d.map.scen
1025	astar	15639	15681	127852	14916	2440.51	den005d.map.scen
1026	astar	17538	17546	142839	15733.5	2330.02	den005d.map.scen
1027	astar	10865	10950	88671	11469.7	2321.83	den005d.map.scen
1028	astar	15607	15661	127602	12879.2	2455.35	den005d.map.scen
1029	astar	15577	15628	127355	13010.4	2236.02	den005d.map.scen
1030	astar	14334	14407	117391	12905.8	2349.67	den005d.map.scen
1031	astar	14397	14473	117933	14456.3	2360.23	den005d.map.scen
1032	astar	13016	13173	106775	13052.3	2258.29	den005d.map.scen
1033	astar	17309	17350	141173	15106.5	2464.16	den005d.map.scen
1034	astar	15730	15783	128622	12429.5	2312.95	den005d.map.scen
1035	astar	15777	15831	128979	11434.6	2273.41	den005d.map.scen
1036	astar	17214	17258	140472	15511.2	2418.63	den005d.map.scen
1037	astar	10901	11009	88974	8899.73	2567.42	den005d.map.scen
1038	astar	15817	15852	129314	11745.4	2372.77	den005d.map.scen
1039	astar	11080	11155	90381	11229.2	2235.65	den005d.map.scen
1040	astar	15758	15818	128828	16991.9	2364.87	den005d.map.scen
1041	astar	14269	14319	116818	14263	2383.56	den005d.map.scen
1042	astar	15952	16010	130434	13825.3	2334.39	den005d.map.scen
1043	astar	15704	15774	128444	14095.1	2326.12	den005d.map.scen
1044	astar	15832	15895	129413	18548.1	2380.76	den005d.map.scen
1045	astar	11617	11705	94905	9493.32	2396.73	den005d.map.scen
1046	astar	15477	15490	126496	15606.5	2219.09	den005d.map.scen
1047	astar	15737	15793	128698	13842.2	2396.63	den005d.map.scen
1048	astar	15693	15737	128292	14249.5	2378.56	den005d.map.scen
1049	astar	11503	11593	94111	6880.31	2312.41	den005d.map.scen
1050	astar	14506	14574	118818	12264.3	2345.23	den005d.map.scen
1051	astar	14718	14761	120500	12421.8	2447.4	den005d.map.scen
1052	astar	13340	13497	109352	11289.4	2438.06	den005d.map.scen
1053	astar	13730	13795	112444	10146.4	2361.01	den005d.map.scen
1054	astar	13515	13634	110809	10756.9	2290.76	den005d.map.scen
1055	astar	15512	15548	126799	11116.8	2340.9	den005d.map.scen
1056	astar	15788	15841	129090	11193.5	2380.73	den005d.map.scen
1057	astar	15615	15666	127669	12976.9	2367.18	den005d.map.scen
1058	astar	11651	11694	95228	7139.45	2402.61	den005d.map.scen
1059	astar	16038	16116	131136	13918.3	2271.79	den005d.map.scen
1060	astar	15977	16054	130629	12679.3	2416.06	den005d.map.scen
1061	astar	14770	14824	120972	12010.3	2489.8	den005d.map.scen
1062	astar	13882	13919	113605	10333.2	2422.14	den005d.map.scen
1063	astar	13867	13909	113441	13132.3	2427.66	den005d.map.scen
1064	astar	15853	15900	129640	13829.4	2258.89	den005d.map.scen
1065	astar	15628	15681	127775	12970.1	2371.51	den005d.map.scen
1066	astar	16117	16170	131774	12393.4	2360.83	den005d.map.scen
1067	astar	15957	16034	130462	13273.7	2464.94	den005d.map.scen
1068	astar	15977	16040	130632	16173.8	2451.63	den005d.map.scen
1069	astar	11475	11578	93754	11500.9	2509.81	den005d.map.scen
1070	astar	14851	14905	121656	10876.1	2341.41	den005d.map.scen
1071	astar	14702	14781	120460	10451.6	2422.56	den005d.map.scen
1072	astar	13878	13927	113559	12436.5	2455.03	den005d.map.scen
1073	astar	15831	15884	129396	16544.8	2394.3	den005d.map.scen
1074	astar	15930	15998	130203	13735	2368.94	den005d.map.scen
1075	astar	12048	12156	98558	8284.1	2380.18	den005d.map.scen
1076	astar	16183	16245	132314	16209.8	2391.07	den005d.map.scen
1077	astar	12207	12255	99780	12319.9	2395.69	den005d.map.scen
1078	astar	12113	12208	99105	8307.39	2462.85	den005d.map.scen
1079	astar	12049	12163	98568	10310.9	2480.37	den005d.map.scen
1080	astar	15812	15863	129267	14155.2	2383.89	den005d.map.scen
1081	astar	16006	16066	130853	15669.5	2441.04	den005d.map.scen
1082	astar	16172	16204	132182	14066.8	2453.19	den005d.map.scen
1083	astar	14532	14601	119019	10382.6	2430.43	den005d.map.scen
1084	astar	13964	14008	114278	13228.8	2334.11	den005d.map.scen
1085	astar	13982	14022	114417	13453.8	2434.62	den005d.map.scen
1086	astar	16194	16221	132335	12591.6	2511.04	den005d.map.scen
1087	astar	15849	15891	129560	12575.6	2453.56	den005d.map.scen
1088	astar	15877	15935	129860	12523.7	2364.69	den005d.map.scen
1089	astar	16179	16222	132270	13582.1	2459.68	den005d.map.scen
1090	astar	15958	16007	130476	15179.5	2507.31	den005d.map.scen
1091	astar	16079	16142	131491	13120.1	2520.94	den005d.map.scen
1092	astar	14467	14529	118508	13439.7	2526.52	den005d.map.scen
1093	astar	14171	14210	115978	11106.3	2565.87	den005d.map.scen
1094	astar	16030	16106	131138	14504.8	2528.05	den005d.map.scen
1095	astar	16282	16312	133019	14392.4	2551.86	den005d.map.scen
1096	astar	16339	16365	133413	13413	2501.21	den005d.map.scen
1097	astar	16335	16360	133390	13335.7	2326.85	den005d.map.scen
1098	astar	12290	12343	100469	8344.48	2525.15	den005d.map.scen
1099	astar	12350	12367	100907	9686.52	2546.63	den005d.map.scen
1100	astar	16345	16392	133488	19170.7	2472.7	den005d.map.scen
1101	astar	15226	15294	124656	10839.8	2532.43	den005d.map.scen
1102	astar	14125	14152	115594	12409.8	2541.3	den005d.map.scen
1103	astar	14249	14286	116634	14698.1	2564.33	den005d.map.scen
1104	astar	14122	14156	115572	12392.1	2588.95	den005d.map.scen
1105	astar	16223	16267	132605	14696.2	2496.05	den005d.map.scen
1106	astar	16167	16205	132125	11179.9	2402.09	den005d.map.scen
1107	astar	12404	12422	101280	16545.6	2586.88	den005d.map.scen
1108	astar	12361	12388	101004	13739.9	2448.18	den005d.map.scen
1109	astar	12428	12458	101480	13135.1	2562.04	den005d.map.scen
1110	astar	15104	15163	123604	12784.6	2549.44	den005d.map.scen
1111	astar	15219	15274	124543	12491.5	2487.53	den005d.map.scen
1112	astar	14085	14117	115262	11644.4	2489.68	den005d.map.scen
1113	astar	16123	16166	131731	15136.2	2493.53	den005d.map.scen
1114	astar	16310	16342	133209	16343.8	2485.25	den005d.map.scen
1115	astar	12459	12497	101740	12447.4	2568.77	den005d.map.scen
1116	astar	12516	12566	102229	8848.22	2613.11	den005d.map.scen
1117	astar	12471	12517	101830	10909.9	2513.24	den005d.map.scen
1118	astar	12414	12436	101347	9122.39	2554.1	den005d.map.scen
1119	astar	12459	12505	101765	7673.76	2471.55	den005d.map.scen
1120	astar	15407	15433	126037	14722.6	2593.2	den005d.map.scen
1121	astar	14929	14962	122162	11317.1	2644.41	den005d.map.scen
1122	astar	14232	14289	116496	10114.2	2623.43	den005d.map.scen
1123	astar	14170	14207	115974	13030.8	2427.08	den005d.map.scen
1124	astar	14223	14280	116421	12154.7	2538.7	den005d.map.scen
1125	astar	14191	14244	116153	10727.5	2707.43	den005d.map.scen
1126	astar	12448	12495	101693	10698.1	2544.38	den005d.map.scen
1127	astar	12548	12591	102506	10859.1	2552.24	den005d.map.scen
1128	astar	12667	12705	103484	8664.02	2465.74	den005d.map.scen
1129	astar	12521	12570	102271	12189.8	2531.64	den005d.map.scen
1130	astar	15364	15416	125753	11827.4	2652.11	den005d.map.scen
1131	astar	14316	14355	117206	10382.6	2507.29	den005d.map.scen
1132	astar	14516	14586	118937	12915	2639.44	den005d.map.scen
1133	astar	14450	14532	118379	13005.9	2551.48	den005d.map.scen
1134	astar	14308	14367	117146	11535.2	2520.72	den005d.map.scen
1135	astar	14297	14361	117056	10756.2	2523.48	den005d.map.scen
1136	astar	12667	12690	103449	14631.7	2638.87	den005d.map.scen
1137	astar	12708	12750	103834	9612.03	2509.79	den005d.map.scen
1138	astar	12634	12681	103237	8339.31	2637.82	den005d.map.scen
1139	astar	16574	16599	135228	13202.3	2588.67	den005d.map.scen
1140	astar	16562	16582	135146	12185.8	2461.39	den005d.map.scen
1141	astar	16576	16599	135232	13649.2	2560.24	den005d.map.scen
1142	astar	15491	15515	126626	11525	2669.97	den005d.map.scen
1143	astar	14309	14351	117143	13474.6	2505.27	den005d.map.scen
1144	astar	14296	14344	117038	13514.6	2619.52	den005d.map.scen
1145	astar	16585	16612	135318	12202.9	2722.95	den005d.map.scen
1146	astar	16610	16642	135534	17176.4	2545.45	den005d.map.scen
1147	astar	12699	12744	103750	9716.08	2626.35	den005d.map.scen
1148	astar	12660	12710	103432	10777	2612.16	den005d.map.scen
1149	astar	12664	12701	103461	8917.79	2596.31	den005d.map.scen
1150	astar	15546	15576	127071	12062.9	2694.12	den005d.map.scen
1151	astar	14534	14604	119021	11609.5	2496.15	den005d.map.scen
1152	astar	14483	14534	118555	9793.44	2589.14	den005d.map.scen
1153	astar	16573	16599	135215	13632.7	2654.62	den005d.map.scen
1154	astar	16582	16617	135296	14754.1	2480.27	den005d.map.scen
1155	astar	16674	16720	136101	13531.8	2612.73	den005d.map.scen
1156	astar	12867	12895	105142	8230.81	2705.89	den005d.map.scen
1157	astar	16792	16846	137099	12888.4	2696.35	den005d.map.scen
1158	astar	13026	13074	106458	12531.9	2621.88	den005d.map.scen
1159	astar	12631	12672	103203	8167.82	2637.02	den005d.map.scen
1160	astar	14730	14778	120623	12598	2566.99	den005d.map.scen
1161	astar	14667	14744	120154	12494.3	2595.29	den005d.map.scen
1162	astar	15652	15685	127930	11154	2642.56	den005d.map.scen
1163	astar	14447	14506	118316	11294.1	2669.83	den005d.map.scen
1164	astar	14599	14674	119608	12970.1	2746	den005d.map.scen
1165	astar	16853	16900	137590	13721.6	2589.76	den005d.map.scen
1166	astar	16788	16824	137049	13011.1	2645.03	den005d.map.scen
1167	astar	12809	12854	104696	9411.19	2693.55	den005d.map.scen
1168	astar	16870	16913	137737	14670.7	2681.15	den005d.map.scen
1169	astar	16553	16566	135046	13780	2729.27	den005d.map.scen
1170	astar	15582	15626	127394	11975.7	2603.8	den005d.map.scen
1171	astar	15520	15557	126863	10393	2680.93	den005d.map.scen
1172	astar	16734	16785	136604	17724.4	2720.75	den005d.map.scen
1173	astar	16552	16564	135044	15054.2	2590.29	den005d.map.scen
1174	astar	16663	16702	135991	13487.9	2717.07	den005d.map.scen
1175	astar	16715	16762	136433	12766.1	2684.8	den005d.map.scen
1176	astar	12920	12951	105589	8136.83	2585.75	den005d.map.scen
1177	astar	13015	13061	106376	10997.9	2607.22	den005d.map.scen
1178	astar	12847	12902	105007	8100.3	2622.44	den005d.map.scen
1179	astar	12936	12972	105682	9015.75	2627.25	den005d.map.scen
1180	astar	16717	16760	136457	12743.2	2702.55	den005d.map.scen
1181	astar	16739	16798	136639	13703	2621.57	den005d.map.scen
1182	astar	14926	14955	122133	12798.6	2689.63	den005d.map.scen
1183	astar	14909	14934	121987	12789	2649.13	den005d.map.scen
1184	astar	16833	16881	137435	14212	2668.21	den005d.map.scen
1185	astar	16637	16683	135769	13010.3	2761.5	den005d.map.scen
1186	astar	16782	16820	137005	10994.6	2760.24	den005d.map.scen
1187	astar	12976	13010	106059	10160.6	2743.5	den005d.map.scen
1188	astar	12981	13024	106074	9111.02	2620.05	den005d.map.scen
1189	astar	12954	13001	105854	10134.2	2675.73	den005d.map.scen
1190	astar	16621	16661	135639	14529.5	2691.92	den005d.map.scen
1191	astar	15524	15569	126932	14557	2723.2	den005d.map.scen
1192	astar	15766	15826	128945	12272.7	2714.3	den005d.map.scen
1193	astar	15052	15115	123194	10541.5	2672.62	den005d.map.scen
1194	astar	15692	15747	128314	13011.8	2691.82	den005d.map.scen
1195	astar	14996	15048	122715	12140.6	2712.96	den005d.map.scen
1196	astar	15826	15902	129475	10125	2773.17	den005d.map.scen
1197	astar	15000	15058	122781	11835.8	2739.42	den005d.map.scen
1198	astar	14952	14992	122337	8707.47	2850.28	den005d.map.scen
1199	astar	14883	14912	121839	13362.2	2770.18	den005d.map.scen
1200	astar	16705	16751	136343	14832.9	2704.35	den005d.map.scen
1201	astar	15975	16019	130546	13350	2835.1	den005d.map.scen
1202	astar	15982	16074	130677	10647.4	2730.62	den005d.map.scen
1203	astar	16232	16286	132678	13492.5	2754.73	den005d.map.scen
1204	astar	15022	15076	122941	14243.4	2758.82	den005d.map.scen
1205	astar	16995	17040	138776	15244	2816.97	den005d.map.scen
1206	astar	17021	17068	138956	14693.2	2834.98	den005d.map.scen
1207	astar	16794	16837	137108	17426.6	2696.64	den005d.map.scen
1208	astar	17083	17139	139483	18038.3	2721.44	den005d.map.scen
1209	astar	17072	17117	139361	16867.9	2636.22	den005d.map.scen
1210	astar	16818	16866	137313	14582.3	2737.22	den005d.map.scen
1211	astar	16984	17008	138615	12658.8	2828.46	den005d.map.scen
1212	astar	15136	15204	123896	15686.4	2778.6	den005d.map.scen
1213	astar	17233	17288	140637	15782.2	2759.93	den005d.map.scen
1214	astar	17220	17267	140521	14074.7	2705.79	den005d.map.scen
1215	astar	17147	17200	139981	14994.7	2765.16	den005d.map.scen
1216	astar	13022	13063	106425	12355.1	2746.66	den005d.map.scen
1217	astar	17201	17235	140384	15619.3	2862.82	den005d.map.scen
1218	astar	17235	17284	140657	14918.1	2702.16	den005d.map.scen
1219	astar	13216	13273	108076	8788.66	2791.54	den005d.map.scen
1220	astar	17132	17194	139908	19777.3	2789.77	den005d.map.scen
1221	astar	16335	16356	133392	14288.5	2837.91	den005d.map.scen
1222	astar	15118	15184	123754	10827.4	2745.09	den005d.map.scen
1223	astar	15156	15222	124047	11520.6	2800.89	den005d.map.scen
1224	astar	16945	16979	138343	15750.3	2826.55	den005d.map.scen
1225	astar	13437	13546	109937	8419.43	2841.71	den005d.map.scen
1226	astar	13343	13418	109138	13368	2771.14	den005d.map.scen
1227	astar	13606	13689	111372	11358.9	2780.29	den005d.map.scen
1228	astar	13446	13544	110112	8737.47	2827.72	den005d.map.scen
1229	astar	13435	13518	109994	11664.4	2743.19	den005d.map.scen
1230	astar	17235	17263	140609	14539.2	2956.71	den005d.map.scen
1231	astar	16359	16407	133619	12121.8	2732.49	den005d.map.scen
1232	astar	16407	16435	133911	16240.4	2938.38	den005d.map.scen
1233	astar	15423	15448	126165	17154.8	2955.09	den005d.map.scen
1234	astar	15324	15375	125424	12847.4	2703.09	den005d.map.scen
1235	astar	17408	17430	141941	16385.8	2806.82	den005d.map.scen
1236	astar	17327	17372	141366	15755.1	2655.63	den005d.map.scen
1237	astar	17346	17376	141506	15510.7	2807.76	den005d.map.scen
1238	astar	17416	17441	142012	17576.9	2860.06	den005d.map.scen
1239	astar	13567	13650	111103	15522	2791.45	den005d.map.scen
1240	astar	16407	16429	133896	15588.1	2803.62	den005d.map.scen
1241	astar	17212	17239	140425	15671.9	2883.54	den005d.map.scen
1242	astar	13344	13416	109201	14768.5	2751.8	den005d.map.scen
1243	astar	13998	14107	114618	14794.6	2997.81	den005d.map.scen
1244	astar	13704	13799	112282	10548	2833.39	den005d.map.scen
1245	astar	13522	13597	110686	10844.4	2814.57	den005d.map.scen
1246	astar	13790	13883	112986	12878.1	2810.89	den005d.map.scen
1247	astar	14111	14214	115538	11893	2918.48	den005d.map.scen
1248	astar	14163	14211	115881	11267.2	2892.37	den005d.map.scen
1249	astar	13864	13963	113489	15427.9	2920.03	den005d.map.scen
1250	astar	15541	15587	127041	14503.8	2984.8	den005d.map.scen
1251	astar	16513	16533	134787	15560.8	2775.27	den005d.map.scen
1252	astar	16414	16458	134003	14540.4	2927.32	den005d.map.scen
1253	astar	15535	15566	126981	14273.5	2774.38	den005d.map.scen
1254	astar	15415	15450	126091	9950.84	2753.88	den005d.map.scen
1255	astar	17439	17469	142171	15655.1	2894.46	den005d.map.scen
1256	astar	17446	17475	142205	21562.6	2964.61	den005d.map.scen
1257	astar	17418	17451	142025	15778.7	2892.54	den005d.map.scen
1258	astar	17188	17236	140286	14704.6	2846.54	den005d.map.scen
1259	astar	13271	13337	108555	10107.5	2911.9	den005d.map.scen
1260	astar	17483	17512	142513	16919.5	2708.41	den005d.map.scen
1261	astar	15575	15629	127339	14614.5	2770.83	den005d.map.scen
1262	astar	15523	15559	126880	14590.1	2855.79	den005d.map.scen
1263	astar	15528	15570	126944	12467.6	2747.3	den005d.map.scen
1264	astar	17557	17558	142962	23346.1	2963.61	den005d.map.scen
1265	astar	17477	17505	142495	15925.5	2900.38	den005d.map.scen
1266	astar	17392	17418	141848	15839.5	2890.63	den005d.map.scen
1267	astar	14162	14267	115970	12750.3	2906.95	den005d.map.scen
1268	astar	14204	14279	116347	9323.74	2883.56	den005d.map.scen
1269	astar	13739	13816	112418	12766.1	2767.79	den005d.map.scen
1270	astar	15755	15805	128826	16125.2	2860.56	den005d.map.scen
1271	astar	16549	16558	135016	15961.2	2972.04	den005d.map.scen
1272	astar	15718	15772	128496	13012.1	2873.05	den005d.map.scen
1273	astar	15529	15574	126964	14295.7	2871.38	den005d.map.scen
1274	astar	15524	15564	126926	12549.6	2918.73	den005d.map.scen
1275	astar	17369	17399	141698	20835.5	2831.37	den005d.map.scen
1276	astar	17384	17416	141788	20528.3	2847.8	den005d.map.scen
1277	astar	17404	17434	141900	17184.6	2913.36	den005d.map.scen
1278	astar	14077	14189	115263	10774.2	2756.55	den005d.map.scen
1279	astar	14413	14494	117960	11218.3	2850.01	den005d.map.scen
1280	astar	15890	15949	129915	19790.3	2950.78	den005d.map.scen
1281	astar	15777	15841	128971	14861.3	2961.27	den005d.map.scen
1282	astar	15747	15790	128717	13224.3	2976.63	den005d.map.scen
1283	astar	15834	15894	129473	14320.1	2932.66	den005d.map.scen
1284	astar	15758	15796	128831	13465.9	2901.9	den005d.map.scen
1285	astar	14724	14782	120359	11067.8	3079.05	den005d.map.scen
1286	astar	14857	14902	121385	11461.8	3017.02	den005d.map.scen
1287	astar	14754	14817	120612	13001.1	3022.99	den005d.map.scen
1288	astar	14824	14871	121115	11685.4	2982.87	den005d.map.scen
1289	astar	14260	14362	116707	9749.16	2899.51	den005d.map.scen
1290	astar	16565	16585	135142	15445.3	2987.38	den005d.map.scen
1291	astar	16002	16064	130810	13294	2867.67	den005d.map.scen
1292	astar	16630	16673	135736	13377.8	2923.14	den005d.map.scen
1293	astar	15951	16012	130373	11146.3	2990.28	den005d.map.scen
1294	astar	15807	15857	129230	13913.9	2940.18	den005d.map.scen
1295	astar	14727	14772	120396	14212.8	3117.57	den005d.map.scen
1296	astar	14753	14826	120629	12800.5	2817.63	den005d.map.scen
1297	astar	14447	14520	118216	11732.2	2917.64	den005d.map.scen
1298	astar	14736	14783	120429	10756.2	3081.42	den005d.map.scen
1299	astar	14697	14747	120124	12922.1	3063.32	den005d.map.scen
1300	astar	16644	16688	135827	14223.6	2929.09	den005d.map.scen
1301	astar	16140	16218	132006	12386.6	2855.85	den005d.map.scen
1302	astar	15930	16009	130250	10814.2	3010.45	den005d.map.scen
1303	astar	15868	15946	129767	13888.8	2983.93	den005d.map.scen
1304	astar	15893	15961	129965	13387.8	2921.6	den005d.map.scen
1305	astar	14594	14646	119312	9978.1	3060.6	den005d.map.scen
1306	astar	14521	14602	118834	11334.6	3032.43	den005d.map.scen
1307	astar	14894	14957	121682	13462.4	3021.86	den005d.map.scen
1308	astar	14350	14466	117435	11543.3	2883.21	den005d.map.scen
1309	astar	14945	14994	122093	13162.9	3014.69	den005d.map.scen
1310	astar	16558	16579	135115	20279.4	3090.7	den005d.map.scen
1311	astar	16792	16825	137059	16548.5	3015.24	den005d.map.scen
1312	astar	16073	16125	131409	13894	3062.19	den005d.map.scen
1313	astar	15987	16052	130719	18096.3	2937.44	den005d.map.scen
1314	astar	16722	16761	136475	17186.2	3004.44	den005d.map.scen
1315	astar	14949	14995	122125	14420.6	3042.43	den005d.map.scen
1316	astar	14538	14625	118972	11785.5	3022.79	den005d.map.scen
1317	astar	15051	15099	122949	13426.3	2945.96	den005d.map.scen
1318	astar	14882	14932	121601	12424.6	3052.78	den005d.map.scen
1319	astar	14882	14936	121554	12188.4	2859.47	den005d.map.scen
1320	astar	16914	16961	138094	14800.4	3050.55	den005d.map.scen
1321	astar	16299	16330	133153	14087.6	3021.63	den005d.map.scen
1322	astar	16159	16181	132047	15585.4	3097.5	den005d.map.scen
1323	astar	16225	16268	132578	15682.7	2996.54	den005d.map.scen
1324	astar	16264	16303	132896	14288.8	3115.16	den005d.map.scen
1325	astar	14941	15001	122072	12764.3	3078.92	den005d.map.scen
1326	astar	15061	15136	123064	10198.2	3051.09	den005d.map.scen
1327	astar	15305	15367	124994	17535.4	3081.84	den005d.map.scen
1328	astar	14718	14798	120401	14594	3063.58	den005d.map.scen
1329	astar	15211	15276	124249	17179.1	3052.3	den005d.map.scen
1330	astar	16411	16446	133978	14484.6	3009.05	den005d.map.scen
1331	astar	16856	16907	137642	14642.3	3172.99	den005d.map.scen
1332	astar	16985	17026	138669	15158.5	3109.95	den005d.map.scen
1333	astar	16296	16335	133139	15423.7	3060.84	den005d.map.scen
1334	astar	16311	16344	133222	11685	3000.15	den005d.map.scen
1335	astar	16191	16237	132364	12207.9	2959.73	den005d.map.scen
1336	astar	16097	16143	131582	14886.7	2974.18	den005d.map.scen
1337	astar	14997	15037	122491	14189.4	2940.46	den005d.map.scen
1338	astar	15060	15125	123026	14143.5	3073.82	den005d.map.scen
1339	astar	15370	15436	125491	13396	3115.26	den005d.map.scen
1340	astar	17185	17227	140234	14472.8	3159.04	den005d.map.scen
1341	astar	17189	17228	140277	15819.3	3100.7	den005d.map.scen
1342	astar	16430	16465	134127	12239.3	3127.68	den005d.map.scen
1343	astar	17127	17174	139788	17247.4	3011.85	den005d.map.scen
1344	astar	15111	15159	123428	13822.5	3182.2	den005d.map.scen
1345	astar	15171	15226	123909	16723.2	3140.88	den005d.map.scen
1346	astar	15272	15342	124742	14131.7	2994.93	den005d.map.scen
1347	astar	15227	15306	124388	14697.9	3107.84	den005d.map.scen
1348	astar	15183	15237	124022	15127.6	3122.06	den005d.map.scen
1349	astar	15273	15317	124717	12818.3	3226.9	den005d.map.scen
1350	astar	16417	16455	134022	16619.7	3090.68	den005d.map.scen
1351	astar	15161	15243	123853	14955	3040.22	den005d.map.scen
1352	astar	15114	15176	123446	13013.3	3088.51	den005d.map.scen
1353	astar	15385	15456	125629	14292.7	3135.13	den005d.map.scen
1354	astar	15237	15310	124479	15312.5	2874.18	den005d.map.scen
1355	astar	15346	15419	125329	14351.1	3137.95	den005d.map.scen
1356	astar	15033	15081	122809	13429.3	3064.53	den005d.map.scen
1357	astar	15169	15240	123908	11124.7	3115.54	den005d.map.scen
1358	astar	15808	15911	129108	13724.5	3187.64	den005d.map.scen
1359	astar	15238	15304	124461	14378.7	3152.82	den005d.map.scen
1360	astar	17325	17351	141307	15873.7	3126.71	den005d.map.scen
1361	astar	16510	16530	134752	13525.9	3115.48	den005d.map.scen
1362	astar	15393	15467	125727	9549.42	3166.18	den005d.map.scen
1363	astar	15502	15572	126613	12258.2	3125.82	den005d.map.scen
1364	astar	15638	15723	127689	12977.6	3294.28	den005d.map.scen
1365	astar	15435	15498	126039	11812.4	3277.51	den005d.map.scen
1366	astar	15563	15687	127136	11378.1	3221.88	den005d.map.scen
1367	astar	15814	15908	129137	13522.6	3256.75	den005d.map.scen
1368	astar	15450	15535	126234	13341.3	3162.56	den005d.map.scen
1369	astar	15403	15477	125788	12134.2	3204.73	den005d.map.scen
1370	astar	17306	17334	141187	11951.4	3201.99	den005d.map.scen
1371	astar	17116	17179	139769	13280	3098.07	den005d.map.scen
1372	astar	17314	17348	141251	15854.1	3160.15	den005d.map.scen
1373	astar	16531	16542	134894	13943.6	3232.54	den005d.map.scen
1374	astar	15804	15887	129048	12337.4	3060.06	den005d.map.scen
1375	astar	15653	15751	127834	9492.03	3182.38	den005d.map.scen
1376	astar	15585	15718	127323	13650.5	3219.54	den005d.map.scen
1377	astar	15490	15592	126518	12540.5	3069.54	den005d.map.scen
1378	astar	15777	15870	128842	14650.6	3187.29	den005d.map.scen
1379	astar	15682	15787	128049	13838.7	3160.7	den005d.map.scen
1380	astar	16569	16597	135189	12480.6	3124.6	den005d.map.scen
1381	astar	16603	16637	135479	13351.9	3326.69	den005d.map.scen
1382	astar	17278	17316	140974	15527.2	3264.89	den005d.map.scen
1383	astar	16584	16612	135316	14206.3	3275.72	den005d.map.scen
1384	astar	15455	15537	126272	12827.9	3292.62	den005d.map.scen
1385	astar	15721	15797	128295	11660.3	3007.77	den005d.map.scen
1386	astar	16103	16202	131497	13285.5	3146.77	den005d.map.scen
1387	astar	15989	16091	130617	14268.4	3133.1	den005d.map.scen
1388	astar	15507	15603	126721	14800.2	3166.55	den005d.map.scen
1389	astar	16199	16280	132258	17138.4	3257.89	den005d.map.scen
1390	astar	17484	17508	142503	14635.8	3243.92	den005d.map.scen
1391	astar	16720	16767	136480	12325.8	3231.78	den005d.map.scen
1392	astar	15393	15471	125727	13014.5	3239.81	den005d.map.scen
1393	astar	16310	16384	133113	12691.9	3239.73	den005d.map.scen
1394	astar	16103	16230	131468	13586.2	3326.74	den005d.map.scen
1395	astar	15690	15787	128136	12268.2	3227.49	den005d.map.scen
1396	astar	16194	16314	132238	11966.9	3126.12	den005d.map.scen
1397	astar	16375	16451	133624	12424.6	3248.29	den005d.map.scen
1398	astar	16270	16395	132835	14253.8	3278.2	den005d.map.scen
1399	astar	16291	16367	132973	15474.2	3291.51	den005d.map.scen
1400	astar	17481	17506	142464	17040.7	3233.8	den005d.map.scen
1401	astar	16753	16801	136761	15432.6	3209.8	den005d.map.scen
1402	astar	16719	16768	136466	14105.9	3198.01	den005d.map.scen
1403	astar	16750	16786	136733	12267.9	3251.67	den005d.map.scen
1404	astar	16628	16679	135696	13315.9	3158.03	den005d.map.scen
1405	astar	15501	15603	126637	14141.4	3248.07	den005d.map.scen
1406	astar	16195	16283	132216	14613.3	3229.96	den005d.map.scen
1407	astar	15865	15974	129570	14392.2	3380.65	den005d.map.scen
1408	astar	16255	16332	132708	16003.7	3187.39	den005d.map.scen
1409	astar	16091	16184	131411	13240.1	3205.9	den005d.map.scen
1410	astar	16833	16870	137431	19452.5	3190.32	den005d.map.scen
1411	astar	17537	17544	142886	13585.3	3184.24	den005d.map.scen
1412	astar	16361	16441	133559	12388.9	3170.02	den005d.map.scen
1413	astar	16351	16417	133475	13354	3154.4	den005d.map.scen
1414	astar	15609	15652	127394	13799.9	3129.4	den005d.map.scen
1415	astar	16428	16489	134006	14640.9	3263.75	den005d.map.scen
1416	astar	16530	16574	134825	16125.2	3297.57	den005d.map.scen
1417	astar	16022	16100	130802	14887.5	3236.04	den005d.map.scen
1418	astar	16571	16600	135116	12865.4	3229.09	den005d.map.scen
1419	astar	16304	16370	133054	12742	3339.67	den005d.map.scen
1420	astar	16849	16900	137542	16207	3232.21	den005d.map.scen
1421	astar	16834	16881	137424	19534.2	3238.9	den005d.map.scen
1422	astar	16268	16360	132842	14774.1	3157.46	den005d.map.scen
1423	astar	16481	16550	134524	14794.3	3380	den005d.map.scen
1424	astar	16558	16615	134998	13991.9	3263.03	den005d.map.scen
1425	astar	16828	16893	137144	15259.9	3415.63	den005d.map.scen
1426	astar	16513	16585	134704	15936.3	3284.75	den005d.map.scen
1427	astar	16631	16679	135587	14861	3162.24	den005d.map.scen
1428	astar	16474	16528	134368	14716.2	3255.89	den005d.map.scen
1429	astar	16525	16605	134816	14601.8	3213.91	den005d.map.scen
1430	astar	16896	16953	137951	12819.6	3295.42	den005d.map.scen
1431	astar	16841	16892	137500	13548	3241.45	den005d.map.scen
1432	astar	16587	16643	135263	18355.3	3331.19	den005d.map.scen
1433	astar	16717	16773	136222	15892.7	3294.83	den005d.map.scen
1434	astar	16617	16683	135503	14092	3281.93	den005d.map.scen
1435	astar	16679	16735	135949	14598.5	3342.07	den005d.map.scen
1436	astar	16469	16560	134415	16761.2	3219.18	den005d.map.scen
1437	astar	16669	16718	135874	17154.2	3194.4	den005d.map.scen
1438	astar	16670	16745	135958	15645.3	3302.39	den005d.map.scen
1439	astar	16696	16760	136083	14425.8	3090.59	den005d.map.scen
1440	astar	17114	17154	139707	15751.7	3362.05	den005d.map.scen
1441	astar	17004	17034	138773	16269.5	3325.32	den005d.map.scen
1442	astar	16991	17028	138700	15061.3	3234.39	den005d.map.scen
1443	astar	16971	16992	138506	14437.7	3462.55	den005d.map.scen
1444	astar	16591	16631	135273	11929.7	3209.89	den005d.map.scen
1445	astar	16778	16835	136771	21000.9	3258.35	den005d.map.scen
1446	astar	16809	16891	137005	90999.6	3297.21	den005d.map.scen
1447	astar	16805	16920	137077	29086.6	3329.39	den005d.map.scen
1448	astar	16804	16901	137025	31878.1	3339.72	den005d.map.scen
1449	astar	16282	16341	132840	21620.6	3331.66	den005d.map.scen
1450	astar	17167	17217	140131	28988.6	3296.15	den005d.map.scen
1451	astar	17068	17141	139397	21039.6	3177.47	den005d.map.scen
1452	astar	16735	16789	136433	19831.3	3323.17	den005d.map.scen
1453	astar	16868	16941	137450	21328.5	3408.96	den005d.map.scen
1454	astar	16827	16924	137218	13144	3258.07	den005d.map.scen
1455	astar	16716	16789	136312	35342.3	3310.68	den005d.map.scen
1456	astar	16809	16862	137013	34426.6	3369.66	den005d.map.scen
1457	astar	16832	16868	137162	21222.7	3305.21	den005d.map.scen
1458	astar	16815	16883	137056	18889.1	3274.89	den005d.map.scen
1459	astar	16573	16655	135233	17158.5	3270.25	den005d.map.scen
1460	astar	17300	17349	141164	17201	3525.41	den005d.map.scen
1461	astar	17333	17371	141407	24894.2	3352.71	den005d.map.scen
1462	astar	17240	17270	140655	17968.8	3373.45	den005d.map.scen
1463	astar	17128	17183	139830	15659.9	3488.45	den005d.map.scen
1464	astar	16914	16960	137785	16559.8	3412.21	den005d.map.scen
1465	astar	16659	16712	135822	18193.6	3411.18	den005d.map.scen
1466	astar	17002	17120	138716	16071.9	3265.04	den005d.map.scen
1467	astar	16918	16965	137837	18375.1	3385.08	den005d.map.scen
1468	astar	16767	16807	136593	31386.9	3522.02	den005d.map.scen
1469	astar	16920	17004	137946	21138.2	3438.44	den005d.map.scen
1470	astar	17357	17395	141619	17719.5	3304.93	den005d.map.scen
1471	astar	17333	17366	141425	19354.5	3404.95	den005d.map.scen
1472	astar	16946	17027	138133	22138.2	3396.66	den005d.map.scen
1473	astar	16773	16835	136798	20326.5	3279.84	den005d.map.scen
1474	astar	17113	17189	139507	15310.6	3407.35	den005d.map.scen
1475	astar	17089	17186	139328	15613.3	3374.65	den005d.map.scen
1476	astar	17025	17121	138837	15857.6	3320.4	den005d.map.scen
1477	astar	17186	17262	140143	20278.4	3298.45	den005d.map.scen
1478	astar	17210	17295	140390	20148.6	3368.17	den005d.map.scen
1479	astar	17005	17044	138473	15010.1	3395.7	den005d.map.scen
1480	astar	17409	17432	141947	20864.8	3368.67	den005d.map.scen
1481	astar	17248	17337	140661	16759	3275.51	den005d.map.scen
1482	astar	17142	17244	139801	15291.9	3352.82	den005d.map.scen
1483	astar	17070	17165	139272	15562.5	3364.9	den005d.map.scen
1484	astar	17001	17090	138611	15028.3	3409.32	den005d.map.scen
1485	astar	16876	16951	137523	13568	3406.6	den005d.map.scen
1486	astar	17151	17230	139803	13115.8	3459.95	den005d.map.scen
1487	astar	17261	17335	140768	14511.5	3402.64	den005d.map.scen
1488	astar	17494	17507	142518	16100.2	3510.71	den005d.map.scen
1489	astar	17240	17329	140657	14707.4	3403.19	den005d.map.scen
1490	astar	17457	17476	142279	16038.1	3496.53	den005d.map.scen
1491	astar	17432	17471	142079	14865.9	3462.99	den005d.map.scen
1492	astar	17226	17307	140465	14437.7	3287.27	den005d.map.scen
1493	astar	17224	17294	140453	13794.8	3451.93	den005d.map.scen
1494	astar	17145	17234	139813	15587.1	3361	den005d.map.scen
1495	astar	17187	17244	140146	18420.5	3368	den005d.map.scen
1496	astar	17214	17277	140378	17159.2	3393.18	den005d.map.scen
1497	astar	16993	17088	138498	15402.1	3427.86	den005d.map.scen
1498	astar	16942	16973	138000	12304	3474.95	den005d.map.scen
1499	astar	17187	17268	140154	14360.2	3353.61	den005d.map.scen
1500	astar	17501	17522	142666	15962.2	3463.71	den005d.map.scen
1501	astar	17451	17484	142275	16661.3	3446.84	den005d.map.scen
1502	astar	17405	17436	141848	14788.9	3451.85	den005d.map.scen
1503	astar	17193	17280	140276	15818.2	3387.98	den005d.map.scen
1504	astar	17213	17292	140333	15623	3476.06	den005d.map.scen
1505	astar	17203	17265	140256	15858.6	3543.89	den005d.map.scen
1506	astar	17116	17183	139473	15651.9	3483.05	den005d.map.scen
1507	astar	17078	17157	139234	13848.1	3486.8	den005d.map.scen
1508	astar	16957	17047	138231	12657.4	3480.37	den005d.map.scen
1509	astar	17474	17497	142438	15112.6	3435.05	den005d.map.scen
1510	astar	17151	17237	139877	17713.8	3266.38	den005d.map.scen
1511	astar	17456	17497	142320	14256.4	3611.87	den005d.map.scen
1512	astar	17372	17407	141723	15243.7	3442.71	den005d.map.scen
1513	astar	17504	17527	142655	18016.8	3482.9	den005d.map.scen
1514	astar	17242	17280	140707	14940.1	3481	den005d.map.scen
1515	astar	17443	17464	142177	15537.6	3520.13	den005d.map.scen
